# Bundle file v0.3
32 4138
1.6451972173e+03 -1.3209816247e-01 1.0042472729e-01
9.9658595499e-01 6.0726344932e-02 5.5935188843e-02
-6.9865790422e-02 2.5930947336e-01 9.6326391418e-01
4.3990972351e-02 -9.6388324400e-01 2.6266687324e-01
9.6608499654e-02 1.7120468555e+00 -1.0856914397e+00
1.6451972173e+03 -1.3209816247e-01 1.0042472729e-01
9.9447625249e-01 6.7541818893e-02 8.0343549375e-02
-1.0363516933e-01 5.1052996627e-01 8.5359176731e-01
1.6635351003e-02 -8.5720315925e-01 5.1470963548e-01
1.2818295734e-01 1.4501685630e+00 -6.4010733113e-01
1.6451972173e+03 -1.3209816247e-01 1.0042472729e-01
9.9162332049e-01 8.8007402516e-02 9.4540400720e-02
-1.2905888906e-01 7.0455233128e-01 6.9781789576e-01
-5.1955192915e-03 -7.0417377798e-01 7.1000865980e-01
1.5097595982e-01 1.0984310790e+00 -3.5416686557e-01
1.6451972173e+03 -1.3209816247e-01 1.0042472729e-01
9.9052206046e-01 8.9701350106e-02 1.0401786162e-01
-1.3129463239e-01 8.4078786428e-01 5.2520232938e-01
-4.0345597696e-02 -5.3388148036e-01 8.4459623352e-01
1.4022561807e-01 7.1470358996e-01 -2.3459499516e-01
1.6451972173e+03 -1.3209816247e-01 1.0042472729e-01
9.8823773569e-01 1.1036575043e-01 1.0585640698e-01
-1.4045331888e-01 9.2884622283e-01 3.4280834231e-01
-6.0490023829e-02 -3.5364402366e-01 9.3342212399e-01
1.4679365429e-01 3.4189440167e-01 -1.6671085808e-01
1.6451972173e+03 -1.3209816247e-01 1.0042472729e-01
9.8462729939e-01 1.2711479346e-01 1.1979528610e-01
-1.4402087748e-01 9.7888686961e-01 1.4504648691e-01
-9.8828478378e-02 -1.6006975292e-01 9.8214591893e-01
1.3800398682e-01 -5.7742223543e-02 -1.9907393820e-01
1.6451972173e+03 -1.3209816247e-01 1.0042472729e-01
9.8687543967e-01 1.2235425134e-01 1.0538644955e-01
-1.1717281422e-01 9.9163951307e-01 -5.4051898453e-02
-1.1111884709e-01 4.0994064176e-02 9.9296127242e-01
1.5246011689e-01 -4.4631012647e-01 -2.3652599712e-01
1.6451972173e+03 -1.3209816247e-01 1.0042472729e-01
9.8181981590e-01 1.5437870549e-01 1.1044032051e-01
-1.1881409344e-01 9.5358284237e-01 -2.7670015167e-01
-1.4803060597e-01 2.5854782541e-01 9.5458889668e-01
1.3540954708e-01 -8.3850843754e-01 -4.1797136233e-01
1.6451972173e+03 -1.3209816247e-01 1.0042472729e-01
9.8085557327e-01 1.6348880601e-01 1.0580054200e-01
-8.8645997383e-02 8.5859601400e-01 -5.0493046243e-01
-1.7339040206e-01 4.8588506362e-01 8.5665131379e-01
1.3246167054e-01 -1.2317663532e+00 -6.1549328168e-01
1.6451972173e+03 -1.3209816247e-01 1.0042472729e-01
9.7920665968e-01 1.7287601607e-01 1.0615178142e-01
-5.1113140697e-02 7.1662660768e-01 -6.9558159264e-01
-1.9632056561e-01 6.7569237693e-01 7.1056178288e-01
1.1433222516e-01 -1.5381547695e+00 -9.6369896170e-01
1.6451972173e+03 -1.3209816247e-01 1.0042472729e-01
9.7720154315e-01 1.8402843016e-01 1.0588050317e-01
-5.0896802677e-03 5.1885989173e-01 -8.5484414247e-01
-2.1225277199e-01 8.3481611727e-01 5.0796733275e-01
1.1401843593e-01 -1.7486527530e+00 -1.3489446157e+00
1.6451972173e+03 -1.3209816247e-01 1.0042472729e-01
9.7617576087e-01 2.0164484862e-01 8.0126393414e-02
7.1201496608e-03 3.3931031956e-01 -9.4064754850e-01
-2.1686444468e-01 9.1880784828e-01 3.2979076787e-01
6.5296913105e-02 -1.8611667611e+00 -1.6955986892e+00
1.6451972173e+03 -1.3209816247e-01 1.0042472729e-01
9.7509845508e-01 2.0881246796e-01 7.4701781254e-02
3.7642121101e-02 1.7611768654e-01 -9.8364914030e-01
-2.1855450949e-01 9.6196669054e-01 1.6387193985e-01
5.4938519524e-02 -1.9034965003e+00 -2.0456201523e+00
1.6451972173e+03 -1.3209816247e-01 1.0042472729e-01
9.7824391889e-01 2.0317582904e-01 4.1933490641e-02
5.6385442653e-02 -6.5869815097e-02 -9.9623383265e-01
-1.9964848360e-01 9.7692412702e-01 -7.5892905115e-02
1.2133059498e-02 -1.8150854833e+00 -2.5019155657e+00
1.6451972173e+03 -1.3209816247e-01 1.0042472729e-01
9.7816516932e-01 2.0647456452e-01 2.3688725992e-02
7.4952044366e-02 -2.4415791783e-01 -9.6683457851e-01
-1.9384295854e-01 9.4749942763e-01 -2.5430246176e-01
-3.1020119421e-02 -1.7203261340e+00 -2.8660723163e+00
1.6451972173e+03 -1.3209816247e-01 1.0042472729e-01
9.8157140004e-01 1.9097734276e-01 -6.7261567746e-03
7.9046395239e-02 -4.3781896430e-01 -8.9558149930e-01
-1.7398061395e-01 8.7854550767e-01 -4.4484664427e-01
-8.1008511596e-02 -1.5096652548e+00 -3.2011701357e+00
1.6451972173e+03 -1.3209816247e-01 1.0042472729e-01
9.8140624909e-01 1.9030750411e-01 -2.4996562223e-02
1.0177996073e-01 -6.2638539392e-01 -7.7284033142e-01
-1.6273479602e-01 7.5592618169e-01 -6.3410803023e-01
-1.4102885220e-01 -1.1679449056e+00 -3.5113686767e+00
1.6451972173e+03 -1.3209816247e-01 1.0042472729e-01
9.8372971014e-01 1.7820900786e-01 -2.2746579881e-02
1.2565323816e-01 -7.7299004248e-01 -6.2185018933e-01
-1.2840218503e-01 6.0887432509e-01 -7.8280580934e-01
-1.1917428066e-01 -8.3800013192e-01 -3.6949660297e+00
1.6451972173e+03 -1.3209816247e-01 1.0042472729e-01
9.8595749843e-01 1.6479812358e-01 -2.7007216676e-02
1.3409743622e-01 -8.7768223842e-01 -4.6009973480e-01
-9.9527327341e-02 4.5001718503e-01 -8.8745639008e-01
-1.0881651352e-01 -5.2324602392e-01 -3.7873068411e+00
1.6451972173e+03 -1.3209816247e-01 1.0042472729e-01
9.8608263253e-01 1.6491283947e-01 -2.1090215566e-02
1.5240715743e-01 -9.4732851426e-01 -2.8167489139e-01
-6.6431168725e-02 2.7454041862e-01 -9.5927809230e-01
-7.7518427174e-02 -1.7711029868e-01 -3.8849416730e+00
1.6451972173e+03 -1.3209816247e-01 1.0042472729e-01
9.8982854060e-01 1.3884985842e-01 -3.0986723523e-02
1.3526154040e-01 -9.8600288905e-01 -9.7481374967e-02
-4.4088274028e-02 9.2298535163e-02 -9.9475484643e-01
-9.9181750486e-02 1.7265582398e-01 -3.9832272913e+00
1.6451972173e+03 -1.3209816247e-01 1.0042472729e-01
9.9140470202e-01 1.2813978622e-01 -2.6399090894e-02
1.2984901280e-01 -9.8839947175e-01 7.8776380511e-02
-1.5998458937e-02 -8.1527169938e-02 -9.9654270850e-01
-8.0351004971e-02 4.6592242226e-01 -3.9352609420e+00
1.6451972173e+03 -1.3209816247e-01 1.0042472729e-01
9.9344746588e-01 1.1346108883e-01 -1.3737316001e-02
1.1316788148e-01 -9.5976503050e-01 2.5699049948e-01
1.5973826378e-02 -2.5686118341e-01 -9.6631628845e-01
-3.8405750989e-02 7.8178525375e-01 -3.8235818049e+00
1.6451972173e+03 -1.3209816247e-01 1.0042472729e-01
9.9422828181e-01 1.0657500943e-01 -1.2324407140e-02
1.0228369507e-01 -9.0693732709e-01 4.0865967560e-01
3.2375443911e-02 -4.0756159301e-01 -9.1260362619e-01
-3.8698624339e-02 1.0410113131e+00 -3.6320406976e+00
1.6451972173e+03 -1.3209816247e-01 1.0042472729e-01
9.9513901700e-01 9.8079571612e-02 -8.8732448501e-03
8.5751255988e-02 -8.1868360402e-01 5.6780619811e-01
4.8425808596e-02 -5.6580699372e-01 -8.2311444339e-01
-3.4143249322e-02 1.3363420969e+00 -3.3961359849e+00
1.6451972173e+03 -1.3209816247e-01 1.0042472729e-01
9.9667327451e-01 8.1496654925e-02 -8.2408835443e-04
5.8903371522e-02 -7.1330404257e-01 6.9837506805e-01
5.6327406375e-02 -6.9610030749e-01 -7.1573150357e-01
-1.6209967678e-02 1.5387545918e+00 -3.0828293581e+00
1.6451972173e+03 -1.3209816247e-01 1.0042472729e-01
9.9655745524e-01 8.2904996026e-02 -5.6039874847e-06
4.6469614171e-02 -5.5853086723e-01 8.2818104622e-01
6.8657216345e-02 -8.2533025631e-01 -5.6046066290e-01
-2.0685376566e-02 1.7353894050e+00 -2.7142668791e+00
1.6451972173e+03 -1.3209816247e-01 1.0042472729e-01
9.9775934345e-01 6.6405771559e-02 8.1588023284e-03
1.8418637539e-02 -3.8986201381e-01 9.2068907020e-01
6.4319875178e-02 -9.1847584818e-01 -3.9021157077e-01
-9.4016267418e-03 1.8523338095e+00 -2.3295673375e+00
1.6451972173e+03 -1.3209816247e-01 1.0042472729e-01
9.9773974308e-01 6.3352340841e-02 2.2402812227e-02
-9.8308463061e-03 -1.9218641941e-01 9.8130919422e-01
6.6473750809e-02 -9.7931142192e-01 -1.9112922159e-01
2.6176200504e-02 1.8925559307e+00 -1.9523021719e+00
1.6451972173e+03 -1.3209816247e-01 1.0042472729e-01
9.9754014445e-01 5.9238788968e-02 3.7475673256e-02
-3.9460744954e-02 3.2702443194e-02 9.9868583640e-01
5.7935393432e-02 -9.9770803149e-01 3.4959606651e-02
6.0092322167e-02 1.8713611541e+00 -1.5258037845e+00
1.6451972173e+03 -1.3209816247e-01 1.0042472729e-01
9.9786826698e-01 5.3587431028e-02 3.7246596905e-02
-4.8283279074e-02 2.2225119247e-01 9.7379316716e-01
4.3904973603e-02 -9.7351568795e-01 2.2436478915e-01
5.7605969417e-02 1.7496469965e+00 -1.2064497351e+00
1.6451972173e+03 -1.3209816247e-01 1.0042472729e-01
9.9609651718e-01 6.0267836277e-02 6.4494312707e-02
-8.3543399345e-02 4.0777369860e-01 9.0925305122e-01
2.8499629594e-02 -9.1109187168e-01 4.1121694089e-01
1.0214286378e-01 1.5597803760e+00 -8.9647620315e-01
-1.8079692125e-01 2.8887337446e-01 -1.5773861408e+00
69 73 72
2 0 1 -145.3021 256.9990 1 1 -149.4264 259.6412
-1.5231949091e-01 3.2878649235e-01 -1.6072058678e+00
86 88 86
2 0 2 -111.0161 232.5992 1 2 -122.8850 245.1165
-3.3852040768e-01 1.0009650141e-01 -1.6478487253e+00
123 101 91
10 0 4 -327.2222 174.7178 1 4 -345.8608 134.4593 2 0 -340.3755 64.7976 3 0 -351.8810 -21.3386 4 0 -334.6230 -78.6593 5 0 -345.4440 -136.5320 6 0 -306.4163 -195.1850 7 0 -310.1832 -210.5972 30 2 -324.4571 177.1550 31 0 -327.5141 127.7590
-2.3065723479e-01 2.2919766605e-01 -1.6604894400e+00
76 65 56
7 0 5 -198.4160 175.9007 1 5 -211.9045 167.9890 2 1 -207.6930 126.8821 3 1 -225.4166 61.4415 4 1 -213.3995 16.5848 30 3 -200.9983 176.2810 31 1 -201.8628 148.6440
-3.2096576691e-01 9.2138320208e-02 -1.6587857008e+00
108 91 83
8 0 7 -312.6212 161.6628 1 7 -329.6275 118.7362 2 3 -324.1965 48.5501 3 2 -334.7161 -36.0802 4 3 -317.9503 -91.4154 5 2 -329.5317 -145.9369 30 5 -310.6682 165.5244 31 3 -312.2613 113.4808
-4.0333971381e-01 2.7016751468e-02 -1.6719763279e+00
76 61 51
3 0 9 -412.8400 142.0447 1 9 -431.8809 83.6966 30 7 -406.9944 147.4438
-3.8454994559e-01 2.2647578269e-02 -1.6739425659e+00
87 77 63
4 0 11 -395.2133 138.1502 1 11 -413.5728 77.6533 30 9 -389.9005 144.0594 31 6 -391.3536 79.9072
-3.5571035743e-01 2.9715672135e-02 -1.6732339859e+00
91 74 59
9 0 13 -363.9317 138.3274 1 13 -381.7494 78.8248 2 7 -374.4774 -2.3626 3 6 -380.1762 -91.6554 4 7 -360.2936 -146.6423 5 6 -367.8153 -198.1415 29 3 -354.5910 214.9220 30 11 -359.5666 144.5923 31 8 -361.2797 80.8998
-2.5517567992e-01 1.3527736068e-01 -1.6816823483e+00
146 130 122
4 0 14 -239.3069 142.7406 1 14 -253.5601 110.6403 30 12 -239.3402 146.1365 31 9 -240.9356 102.8272
-2.3248580098e-01 1.7465914786e-01 -1.6854518652e+00
118 104 97
9 0 15 -210.0677 144.1678 1 15 -223.6522 123.2159 2 8 -219.2693 74.1047 3 7 -235.2734 6.5370 4 8 -222.3304 -37.7992 5 7 -238.8072 -86.2853 29 4 -207.7742 187.6827 30 13 -211.6356 147.0951 31 10 -212.7051 110.2525
-4.3497553468e-01 1.7011288553e-02 -1.6870894432e+00
66 57 48
7 0 16 -447.8090 126.7482 1 16 -466.8120 67.8329 2 9 -457.4137 -11.0100 3 8 -458.2247 -98.6917 29 5 -436.1477 204.1956 30 14 -440.5265 132.2724 31 11 -442.0468 69.5706
-3.4726411104e-01 2.6341840625e-02 -1.6812911034e+00
92 80 70
2 0 17 -356.2630 128.8148 1 17 -373.3842 68.6769
-4.2310976982e-01 1.3189667836e-02 -1.6906899214e+00
85 72 62
5 0 20 -437.1110 121.5739 1 20 -455.7048 61.4272 2 12 -446.0856 -18.2502 30 16 -430.0066 127.5526 31 14 -431.3484 63.7789
-4.3553528190e-01 1.0503482074e-02 -1.6945726871e+00
73 61 51
4 0 21 -450.3531 117.8477 1 21 -469.2828 57.7382 3 11 -459.2959 -107.5710 31 15 -444.2568 60.1355
-3.9443770051e-01 7.4745872989e-03 -1.6924686432e+00
57 54 29
7 0 22 -410.3310 116.6945 1 22 -427.8541 54.0794 2 13 -418.4505 -27.0907 3 12 -419.8741 -114.5328 4 11 -397.2904 -166.5974 30 17 -403.9580 123.4014 31 16 -405.3260 57.6533
-3.2331177592e-01 3.5638559610e-02 -1.6886043549e+00
104 93 81
8 0 23 -329.1850 121.8867 1 23 -346.0032 63.6467 2 14 -338.7663 -13.8265 3 13 -346.0191 -98.0606 4 12 -327.3636 -148.7975 29 7 -322.3209 198.4661 30 18 -326.1807 128.7448 31 17 -327.3623 66.1957
-2.1031847596e-01 1.9804088771e-01 -1.7096960545e+00
137 122 116
3 0 24 -185.8869 124.0654 1 24 -206.9342 110.3355 30 19 -184.3666 127.2148
-3.8716241717e-01 2.1778845694e-03 -1.6988562346e+00
73 68 48
4 0 25 -404.0826 108.5139 1 25 -421.2321 44.1179 2 15 -411.6230 -37.2043 31 18 -398.8149 49.1955
-1.7507407069e-01 3.6467325687e-01 -1.7535954714e+00
57 68 61
9 0 27 -132.6515 111.7020 1 27 -143.8042 139.6973 2 16 -138.9196 137.6287 4 14 -146.7167 89.0745 5 11 -165.4493 58.4368 6 6 -135.3562 25.3377 29 8 -132.6464 115.8189 30 21 -136.3324 109.8638 31 20 -137.6438 108.4681
-4.5258525014e-01 1.2245004764e-03 -1.7130711079e+00
45 42 28
3 0 28 -470.5085 98.1099 1 28 -488.5884 37.6812 31 21 -462.9223 40.7953
-3.9260825515e-01 -5.2505219355e-03 -1.7112101316e+00
76 71 56
6 0 30 -411.9495 94.7624 1 30 -428.4825 29.4219 2 18 -418.1508 -50.8623 29 9 -402.5110 180.6434 30 23 -405.4010 102.9089 31 23 -406.0324 35.0654
-3.6857292056e-01 3.9060304407e-03 -1.7087857723e+00
57 53 39
3 0 31 -384.8440 97.4239 1 31 -400.7997 34.0519 2 19 -390.9491 -45.5393
-1.6569527984e-01 3.5525202751e-01 -1.7668985128e+00
40 48 42
6 0 32 -126.2539 98.4037 1 32 -136.7888 124.2693 2 20 -131.5137 121.2503 4 16 -139.8651 76.0684 30 24 -130.0376 97.4352 31 24 -131.1303 94.2651
-4.4529268146e-01 -5.3235492669e-03 -1.7199155092e+00
52 49 33
6 0 35 -465.3432 89.3416 1 35 -482.6435 26.9075 2 22 -470.8798 -50.1380 3 16 -468.8317 -130.9939 30 26 -457.1014 96.5298 31 27 -457.5303 31.2253
-1.7492970824e-01 3.3981323242e-01 -1.7759906054e+00
60 72 67
3 5 14 -169.3748 35.8510 6 8 -138.7889 5.4016 29 13 -135.9196 98.0334
-3.3258804679e-01 5.6650824845e-03 -1.7283160686e+00
60 53 43
3 0 43 -347.1020 75.4385 1 43 -362.2478 13.0610 31 34 -343.1414 18.4740
-3.0927389860e-01 8.9036310092e-03 -1.7256708145e+00
114 102 94
7 0 44 -322.5497 77.3404 1 44 -336.9219 14.6389 2 30 -328.4685 -61.5085 5 15 -325.5759 -223.1846 29 19 -317.2026 162.5487 30 34 -318.9255 87.1579 31 35 -319.4539 20.4605
-1.8884751201e-01 3.2335472107e-01 -1.7811003923e+00
83 89 80
3 0 45 -150.4002 81.9049 1 45 -161.7015 102.3197 31 36 -154.5132 74.9386
2.9320836067e-01 3.8386690617e-01 -1.7704190016e+00
47 53 50
5 0 47 269.4162 73.6990 1 47 265.3572 91.4742 2 32 268.1653 83.1340 3 22 236.1434 58.3392 30 36 254.6360 80.7283
3.3925494552e-01 3.9092072845e-01 -1.7626881599e+00
66 79 79
2 0 48 308.1533 78.6424 1 48 305.7895 95.9163
-4.1686803102e-01 -2.6346586645e-02 -1.7353029251e+00
85 73 62
6 0 50 -443.4031 66.5496 1 50 -458.9306 -1.2119 2 34 -446.2817 -80.1363 3 24 -444.3096 -160.3434 30 37 -435.5602 75.9489 31 39 -435.2958 6.2343
-3.2276231050e-01 2.6764620561e-03 -1.7351696491e+00
55 50 40
11 0 51 -338.0304 67.0559 1 51 -352.6797 4.5700 2 35 -343.8939 -69.3203 3 25 -348.7231 -146.2951 4 20 -328.8551 -190.1516 5 16 -337.6138 -229.0480 27 2 -335.3717 240.1474 28 9 -331.7408 190.1853 29 21 -332.1494 153.9725 30 38 -333.7697 76.8692 31 40 -334.4872 10.9232
-3.1773558259e-01 2.2938249167e-03 -1.7305637598e+00
63 55 45
5 0 52 -332.9264 71.8616 1 52 -347.4969 7.4919 2 36 -338.6006 -69.1093 4 21 -324.7499 -189.2538 31 41 -328.9601 13.6003
-2.4781835079e-01 6.2779702246e-02 -1.7441260815e+00
154 139 133
2 0 53 -247.7146 66.5880 1 53 -261.2971 19.6587
-1.8709056079e-01 3.1526497006e-01 -1.7929178476e+00
83 90 78
6 0 54 -150.3956 70.2157 1 54 -161.3705 89.4179 2 37 -156.2444 83.2198 29 22 -150.6972 84.6869 30 39 -153.0562 70.4406 31 42 -154.1436 63.0322
-1.2666700780e-01 3.7000307441e-01 -1.8095933199e+00
50 64 59
6 0 55 -92.7563 63.0237 1 55 -102.6725 93.3530 2 38 -97.6836 97.2664 3 26 -117.9051 77.6771 30 40 -96.8818 63.1663 31 43 -98.2379 62.9192
-1.0457601398e-01 3.8881605864e-01 -1.8044083118e+00
23 29 25
4 0 56 -71.6824 69.7415 1 56 -82.6563 102.8663 30 41 -75.6389 69.0887 31 44 -78.8604 71.3740
-6.0388606042e-02 3.8498049974e-01 -1.8046977520e+00
34 43 37
9 0 57 -35.4609 66.1335 1 57 -44.2105 97.6071 2 39 -39.1525 102.0793 3 27 -60.5232 82.6949 4 22 -49.7237 73.6068 28 10 -42.0722 39.5055 29 23 -37.8281 69.8531 30 42 -41.2106 66.8966 31 45 -42.6004 66.9688
3.3171534538e-02 3.8793230057e-01 -1.7944056988e+00
44 49 46
7 0 58 44.9175 69.8600 1 58 37.7246 97.9943 2 40 42.1169 99.7366 28 11 35.8386 47.0666 29 24 40.6163 75.6180 30 43 36.9277 71.7340 31 46 35.3239 69.3115
9.2139072716e-02 3.9001289010e-01 -1.7944960594e+00
29 32 29
7 0 59 94.8799 66.5026 1 59 87.4736 93.8345 27 3 78.6498 41.6087 28 12 85.3490 45.9369 29 25 90.1266 73.5333 30 44 85.6245 69.9793 31 47 83.4882 65.8238
1.1266755313e-01 3.9768761396e-01 -1.7933607101e+00
28 31 29
6 0 60 112.7433 67.8906 1 60 106.5372 95.4880 2 41 110.1417 97.3759 3 28 84.1329 77.2274 30 45 102.7925 71.2932 31 48 101.3764 67.3843
3.0926996469e-01 3.8026711345e-01 -1.7780060768e+00
49 54 52
3 0 61 282.4415 65.5508 1 61 278.2405 82.6032 30 46 267.6284 73.4543
-3.9213192463e-01 -2.9825549573e-02 -1.7443252802e+00
47 44 32
7 0 64 -419.1324 54.7543 1 64 -433.7566 -14.2968 2 44 -421.2421 -92.5359 3 31 -419.9897 -169.9816 4 24 -396.3174 -211.8434 30 49 -411.9923 65.0920 31 51 -411.5908 -5.7201
-3.5447096825e-01 -2.1092949435e-02 -1.7434499264e+00
78 68 57
2 0 65 -377.5052 55.1493 1 65 -391.5823 -12.9114
-1.6703645885e-01 3.6082836986e-01 -1.8174836636e+00
21 29 25
6 0 66 -128.0453 57.2016 1 66 -138.6180 88.4815 2 45 -133.7000 90.0687 29 28 -129.0144 61.9617 30 50 -131.2203 56.8311 31 52 -132.6720 57.4487
-1.0907760262e-01 3.6869212985e-01 -1.8178012371e+00
61 76 71
6 0 67 -78.0942 54.9766 1 67 -88.1846 85.0209 2 46 -83.2658 89.6186 3 32 -103.7472 70.6963 30 51 -82.4612 55.5205 31 53 -84.2320 54.9656
-9.6895836294e-02 3.6008924246e-01 -1.8170093298e+00
90 107 105
2 0 68 -67.8518 53.2018 1 68 -78.9146 81.1576
2.5527643040e-02 3.8820016384e-01 -1.8127360344e+00
36 39 34
9 0 69 37.6509 55.0674 1 69 29.5062 84.7768 2 47 33.9247 88.9977 3 33 10.0216 71.6205 27 4 22.2829 27.1168 28 14 29.3621 32.1924 29 29 33.8682 60.5548 30 52 30.0507 57.3543 31 54 28.0480 55.7016
5.6503757834e-02 3.9047896862e-01 -1.8076270819e+00
34 37 33
7 0 70 64.2626 57.8979 1 70 56.5762 87.0034 2 48 60.9446 90.2111 28 15 54.6599 35.8168 29 30 59.7038 63.7451 30 53 55.5601 60.7810 31 55 54.3525 58.0167
7.8449986875e-02 3.6949115992e-01 -1.7964783907e+00
38 42 39
3 0 71 92.4529 61.0155 1 71 72.0118 83.9051 31 56 67.1976 61.1841
7.6969444752e-02 3.9354583621e-01 -1.8043102026e+00
33 37 33
7 0 72 81.8440 60.0668 1 72 74.5471 88.7911 2 49 78.6559 91.5463 3 34 53.5823 73.3762 29 31 77.0355 65.9193 30 54 72.7014 63.0945 31 57 70.9113 60.4513
2.5363036990e-01 3.7846258283e-01 -1.7859945297e+00
51 57 56
7 0 74 234.2158 62.0430 1 74 229.4367 80.7408 27 6 212.2411 54.2561 28 17 219.3790 54.0831 29 33 225.7649 75.8612 30 56 220.8801 68.7168 31 59 218.9330 57.4885
4.0880727768e-01 3.9071908593e-01 -1.7801114321e+00
35 39 34
2 0 76 366.2520 59.9225 1 76 362.3943 76.1523
-4.2277935147e-01 -4.0383070707e-02 -1.7503093481e+00
90 78 68
2 0 77 -454.1118 48.1811 1 77 -468.6381 -22.2524
-3.4529668093e-01 -2.0606005564e-02 -1.7488099337e+00
97 86 77
3 0 78 -367.7664 49.1047 1 78 -381.6852 -18.5353 30 58 -362.2690 60.2487
-3.2488310337e-01 -1.3013777323e-02 -1.7556513548e+00
56 50 40
7 0 79 -344.3934 42.4252 1 79 -358.2202 -22.5850 2 51 -348.3734 -96.5879 3 36 -351.9135 -169.1843 29 35 -338.7795 133.7272 30 59 -339.2247 53.7779 31 61 -339.6723 -14.7779
-3.0686736107e-01 -1.3349018060e-02 -1.7529188395e+00
76 69 61
10 0 80 -326.1921 43.8165 1 80 -339.3842 -22.4288 2 52 -330.2117 -97.3843 3 37 -334.8748 -170.3911 4 26 -315.5202 -209.6230 5 18 -324.6931 -242.9667 28 19 -322.2675 179.0283 29 36 -321.0638 135.9939 30 60 -321.3468 55.8515 31 62 -321.5461 -13.9738
-2.8210648894e-01 2.6050913148e-03 -1.7536792755e+00
130 117 111
7 0 81 -296.4391 45.2515 1 81 -309.8101 -17.1691 2 53 -301.1877 -88.9498 28 20 -293.8464 173.8214 29 37 -292.4348 133.6704 30 61 -293.3347 56.7703 31 63 -293.7339 -10.2214
-1.7600956559e-01 3.0103024840e-01 -1.8121899366e+00
77 92 89
3 3 38 -167.6558 33.4216 4 27 -156.1052 21.0890 27 8 -154.6339 54.4328
-1.0303131491e-01 3.5471561551e-01 -1.8297022581e+00
65 79 75
6 0 82 -74.6693 41.9247 1 82 -84.8861 69.8146 27 9 -87.4301 23.3045 28 21 -79.9392 25.1091 29 38 -76.0414 50.3480 30 62 -78.8879 43.2037
-3.7922073156e-02 3.7871187925e-01 -1.8281643391e+00
62 70 68
9 0 84 -17.1596 44.1262 1 84 -26.4139 75.0315 2 55 -22.3981 81.0541 26 2 -22.1830 6.7115 27 10 -31.0762 17.5063 28 22 -24.0093 21.6361 29 40 -19.9920 49.6623 30 64 -23.3182 45.7462 31 65 -25.2577 45.4131
-2.6871027425e-02 3.8088834286e-01 -1.8293051720e+00
58 63 61
10 0 85 -7.8421 42.7605 1 85 -16.7274 74.1335 2 56 -12.4051 80.4707 25 1 -8.7728 -9.5250 26 3 -13.4772 5.1727 27 11 -21.7116 16.1479 28 23 -14.7425 20.3000 29 41 -10.5966 48.2906 30 65 -14.2799 44.6360 31 66 -16.1768 44.3755
4.2893136851e-03 3.8804671168e-01 -1.8219625950e+00
34 39 34
5 0 86 19.3148 48.5817 1 86 10.6351 79.8096 2 57 14.6822 85.4424 30 66 12.0975 50.7057 31 67 10.0164 50.3100
2.6271333918e-02 3.8415741920e-01 -1.8236093521e+00
46 49 46
9 0 87 37.3865 45.2917 1 87 29.0361 75.0204 2 58 32.9290 79.4314 3 40 9.1741 63.2935 26 4 30.6479 9.2724 28 24 29.7336 24.1450 29 42 34.0118 51.6543 30 67 30.1400 48.0583 31 68 28.0829 46.5459
3.3480480313e-01 3.8113617897e-01 -1.7965705395e+00
39 43 41
6 0 88 302.6465 48.8363 1 88 297.3283 66.4509 28 25 287.7686 44.3020 29 43 293.6075 64.2842 30 68 287.6451 57.1689 31 69 284.6838 44.6051
3.5693758726e-01 3.8035744429e-01 -1.7982358932e+00
38 42 41
7 0 89 321.3619 46.1079 1 89 316.1453 63.1149 2 59 317.1890 56.1685 28 26 306.5688 42.8296 29 44 312.4174 62.0212 30 69 306.0067 54.9279 31 70 302.6632 41.5170
3.8798615336e-01 3.7949809432e-01 -1.7908086777e+00
27 30 26
4 0 90 348.7547 50.1331 1 90 343.9954 65.3676 30 70 332.6201 59.5630 31 71 329.3063 44.6713
-3.7722218037e-01 -4.4601976871e-02 -1.7601749897e+00
92 80 71
2 0 93 -408.1362 33.5987 1 93 -421.6692 -38.7638
-3.3302387595e-01 -1.6219910234e-02 -1.7599515915e+00
64 56 45
7 0 94 -353.7888 37.8736 1 94 -367.3735 -27.5173 2 62 -356.5901 -100.8639 3 43 -359.4431 -172.5385 29 46 -348.4641 129.8235 30 73 -348.7217 49.3466 31 74 -348.5543 -19.4762
-2.7193740010e-01 4.4554341584e-03 -1.7673516273e+00
119 109 102
5 0 95 -285.5707 31.3043 1 95 -299.4608 -29.2752 2 63 -290.6035 -98.3807 30 74 -281.9234 43.0078 31 75 -282.9357 -22.5789
-1.5617533028e-01 3.3526286483e-01 -1.8309212923e+00
25 30 26
8 0 96 -121.3617 41.2130 1 96 -131.9304 67.8377 2 64 -129.5154 62.6884 4 31 -136.0025 41.3211 28 27 -127.9815 27.1250 29 47 -122.8554 51.4468 30 75 -124.3091 41.5273 31 76 -125.8514 39.4729
-9.6526265144e-02 3.5775956511e-01 -1.8373528719e+00
46 55 49
6 0 97 -69.1676 35.9388 1 97 -79.4108 64.6086 28 28 -74.3103 18.2503 29 48 -70.4535 43.7264 30 76 -73.2879 37.1192 31 77 -75.6867 35.7984
-6.8715423346e-02 3.8209167123e-01 -1.8443381786e+00
38 46 43
10 0 98 -43.9589 32.9771 1 98 -53.8383 66.7962 2 65 -49.4866 76.6159 3 44 -71.0163 63.7166 26 5 -46.5964 -6.2075 27 12 -56.2383 3.6383 28 29 -49.2718 8.1214 29 49 -45.6513 36.8474 30 77 -48.8654 34.0948 31 78 -51.2444 36.1863
2.1564697847e-02 3.8115268946e-01 -1.8361481428e+00
51 56 54
5 0 99 32.8276 34.6084 1 99 23.9656 64.6833 2 66 27.6938 70.7591 30 78 25.7084 37.4171 31 79 23.0759 36.1986
7.0043951273e-02 3.8564383984e-01 -1.8265171051e+00
36 40 38
9 0 100 73.9319 39.6708 1 100 66.0458 70.1190 2 67 70.2285 75.3314 25 2 69.7824 -5.3245 26 6 66.6269 9.1345 27 13 59.8313 17.9168 28 30 66.4794 20.2936 29 50 70.6263 46.4132 31 80 63.1688 41.3305
1.1041512340e-01 3.8953584433e-01 -1.8277285099e+00
47 52 49
2 0 101 108.7837 38.0034 1 101 100.8933 66.5740
2.6246410608e-01 3.9399862289e-01 -1.8246916533e+00
22 26 24
4 0 102 237.5344 32.4878 1 102 231.1025 57.2098 30 79 224.8995 39.3458 31 81 221.6351 32.2117
3.1609541178e-01 3.7762016058e-01 -1.8178739548e+00
24 29 26
8 0 103 285.3364 31.5217 1 103 278.9630 51.0625 2 68 279.9025 46.7270 3 45 246.9578 29.6385 28 31 271.4965 27.4152 29 51 277.1106 47.0139 30 80 271.1027 39.9860 31 82 267.5164 28.5497
3.6812901497e-01 3.7358728051e-01 -1.8076635599e+00
30 32 29
7 0 104 330.7759 35.9571 1 104 324.4812 51.9299 2 69 324.9558 45.4718 28 32 317.1058 36.4418 29 52 322.5224 53.9244 30 81 315.3246 45.5397 31 83 311.0548 31.3275
4.4794452190e-01 3.7047150731e-01 -1.7945984602e+00
63 68 69
5 0 105 400.7776 41.5519 1 105 396.1567 53.1928 29 53 390.1259 62.1818 30 82 383.2430 52.5282 31 84 379.3788 34.7160
-1.5901383758e-01 3.3696126938e-01 -1.8442595005e+00
32 41 37
5 0 106 -125.0101 29.4954 1 106 -135.8254 56.0275 2 70 -130.6154 60.2079 30 83 -127.6514 30.6446 31 85 -129.6170 27.9561
-1.5604770184e-01 3.3459454775e-01 -1.8519515991e+00
58 71 68
7 0 107 -122.9527 22.3137 1 107 -134.1397 49.2361 27 14 -134.4968 12.1212 28 33 -127.1508 10.5320 29 54 -123.0525 32.7982 30 84 -125.5013 23.6305 31 86 -127.8020 21.3305
-3.9000596851e-02 3.9331367612e-01 -1.8554905653e+00
50 61 57
7 0 108 -18.6342 24.8062 1 108 -28.2555 60.5833 27 15 -31.0959 -8.4074 28 34 -24.3293 -2.8000 29 55 -20.7590 27.0705 30 85 -24.1512 26.1854 31 87 -26.6418 29.6448
3.3944058418e-01 3.6524015665e-01 -1.8230426311e+00
45 50 48
5 0 110 305.4340 23.5233 1 110 298.6957 39.2487 29 56 298.8340 41.6349 30 86 291.2065 32.8206 31 89 286.5535 18.9131
4.9106353521e-01 3.7142178416e-01 -1.8120812178e+00
78 81 83
6 0 111 435.7038 24.4745 1 111 429.5959 36.5245 28 35 420.1664 32.0858 29 57 425.7862 46.0276 30 87 417.7327 36.6551 31 90 412.4033 18.6959
-4.1383188963e-01 -5.9309247881e-02 -1.7734459639e+00
60 52 44
7 0 113 -451.1601 18.7599 1 113 -464.0925 -55.0092 2 73 -449.2965 -132.0250 3 48 -443.5065 -205.2419 29 59 -442.9175 120.1414 30 89 -441.8995 30.7641 31 92 -440.9889 -43.8690
-2.7924603224e-01 -1.4411546290e-02 -1.7801281214e+00
132 116 107
7 0 115 -297.7511 14.2837 1 115 -310.3818 -50.5757 2 75 -301.2029 -120.1446 3 50 -307.1468 -186.1104 29 61 -294.3707 107.0844 30 91 -294.2293 26.9263 31 94 -294.3866 -41.7883
-2.5809118152e-01 1.9380912185e-02 -1.7888689041e+00
142 133 129
4 0 116 -268.1587 12.3709 1 116 -280.9331 -41.6121 30 92 -265.6164 24.4274 31 95 -266.2990 -36.8770
-1.3025712967e-01 3.4078258276e-01 -1.8571943045e+00
50 61 59
7 0 117 -99.8172 18.5703 1 117 -110.2122 45.6609 2 76 -105.6567 50.2711 3 51 -124.2852 34.4498 27 17 -115.8445 4.8397 30 93 -102.9545 20.3573 31 96 -105.1091 18.0153
2.7007952332e-01 3.7111935019e-01 -1.8355195522e+00
28 31 25
4 0 118 244.8477 18.1739 1 118 236.9826 38.8740 2 77 237.7217 37.6574 31 97 227.7430 16.2799
-3.3879876137e-01 -3.7341047078e-02 -1.7843226194e+00
62 57 48
5 0 120 -365.5867 7.8824 1 120 -377.6105 -60.5205 27 18 -367.5311 219.2793 30 94 -359.5477 20.6620 31 98 -358.5851 -50.4500
-2.8697577119e-01 -2.5943482295e-02 -1.7881866693e+00
121 110 103
5 0 121 -308.7903 3.0555 1 121 -321.2263 -63.3640 29 62 -305.4066 99.4970 30 95 -304.6958 16.8922 31 99 -304.5831 -53.4366
-1.8444828689e-01 2.8901347518e-01 -1.8585438728e+00
73 83 78
6 0 122 -153.1953 8.6741 1 122 -164.7382 26.8422 28 38 -157.3278 13.0977 29 63 -153.2606 27.5349 30 96 -154.7613 11.2449 31 100 -156.9052 2.7709
-1.6132375598e-01 3.3073860407e-01 -1.8672149181e+00
39 49 46
9 0 123 -128.3521 8.8452 1 123 -139.6989 36.6767 25 3 -122.9494 -8.8712 26 7 -129.5500 -2.6524 27 19 -140.1456 1.2824 28 39 -132.2938 -1.4809 29 64 -128.5028 20.1423 30 97 -130.4900 10.5037 31 101 -132.9655 8.6592
-4.2100176215e-01 -6.4810037613e-02 -1.7988586426e+00
81 69 60
4 0 124 -459.9570 -8.7487 1 124 -471.2176 -80.2530 30 98 -450.7840 4.0026 31 102 -448.1498 -68.7195
-4.0676945448e-01 -6.1858825386e-02 -1.7932878733e+00
61 56 49
7 0 125 -444.2915 -3.0605 1 125 -455.7849 -75.1742 2 79 -440.0831 -148.3885 28 40 -438.2580 153.6578 29 65 -437.6281 99.0169 30 99 -435.5135 9.7167 31 103 -433.2535 -63.4998
-3.8084784150e-01 -5.8068502694e-02 -1.7941951752e+00
80 70 61
2 0 126 -415.9954 -5.0341 1 126 -427.4891 -76.7132
-3.3566695452e-01 -4.7054722905e-02 -1.7956901789e+00
70 62 52
5 0 127 -365.3547 -6.8649 1 127 -376.7852 -76.5747 2 80 -364.5052 -148.0596 30 100 -359.4040 6.9633 31 104 -358.1936 -65.4789
-3.1373772025e-01 -5.0725087523e-02 -1.8009473085e+00
72 63 53
4 0 128 -343.3139 -15.0549 1 128 -354.8930 -86.0685 2 81 -343.1159 -157.2917 31 105 -337.0610 -73.7652
-3.2253313065e-01 -5.0499845296e-02 -1.8001109362e+00
53 49 40
7 0 129 -352.6459 -13.5213 1 129 -364.0305 -84.2502 2 82 -351.8362 -155.2705 28 41 -350.5780 143.6841 29 66 -348.8244 89.0909 30 101 -346.8521 1.0527 31 106 -345.8053 -72.1815
-4.4310119748e-01 -6.8901188672e-02 -1.8210616112e+00
40 35 28
5 0 130 -483.7877 -31.1805 1 130 -493.5742 -99.8361 29 67 -478.1240 71.4586 30 102 -473.8563 -18.2667 31 107 -470.1324 -88.6406
-4.3250218034e-01 -7.3637001216e-02 -1.8223962784e+00
73 60 52
3 0 132 -474.4098 -34.7473 1 132 -484.3900 -104.9188 31 109 -461.1881 -93.2471
-3.0182522535e-01 -5.9649631381e-02 -1.8318191767e+00
81 70 61
5 2 87 -332.6578 -185.5447 27 21 -338.6298 188.2913 28 45 -333.2809 114.9151 30 108 -327.5675 -32.7106 31 115 -324.2795 -109.6221
-2.9745805264e-01 -6.0431413352e-02 -1.8443593979e+00
120 106 97
5 0 146 -329.0314 -63.7373 1 146 -338.9725 -131.5507 2 89 -326.6561 -194.5834 3 57 -328.4357 -248.0451 30 115 -323.3456 -47.2951
-2.1573707461e-01 9.8587229848e-02 -1.8938082457e+00
160 150 144
4 0 147 -212.3875 -69.4083 1 147 -223.5832 -90.4012 30 116 -210.0788 -59.0052 31 119 -212.4185 -96.0882
-3.5451206565e-01 -8.6715541780e-02 -1.8676109314e+00
34 33 24
8 0 155 -396.6820 -90.9790 1 157 -404.4667 -162.6302 2 91 -387.2288 -221.7881 27 22 -405.3834 167.5263 28 49 -399.2595 85.7523 29 83 -395.0298 20.3547 30 123 -388.7719 -73.2362 31 126 -385.0228 -149.2664
-2.3161266744e-01 7.0588961244e-02 -1.9091883898e+00
138 129 125
6 0 156 -233.1519 -91.3055 1 158 -243.6703 -115.7633 28 50 -238.8817 8.0059 29 84 -233.2857 -23.5919 30 124 -230.4475 -79.3098 31 127 -231.4266 -119.7834
-3.3012214303e-01 -1.0017464310e-01 -1.8678368330e+00
78 71 62
5 0 162 -375.0543 -98.6140 1 165 -382.7932 -172.7064 27 23 -384.4587 176.6260 28 53 -377.8146 88.3269 29 89 -373.5272 16.9915
-3.2764735818e-01 -9.7300492227e-02 -1.8660054207e+00
88 79 70
8 0 163 -371.4826 -95.7043 1 166 -379.4863 -169.9612 2 95 -363.5774 -233.0748 27 24 -381.0498 176.7907 28 54 -374.3946 89.2054 29 90 -370.0390 19.2009 30 129 -363.9636 -77.1261 31 132 -361.2719 -153.9732
-3.4144937992e-01 -1.0174459219e-01 -1.8835765123e+00
59 54 44
7 0 177 -387.3819 -114.1248 1 180 -393.6902 -186.4095 27 25 -399.2075 161.8178 28 56 -391.3499 72.5119 29 94 -386.4628 0.6907 30 141 -379.3146 -95.6404 31 138 -375.6323 -170.2247
-3.1628030539e-01 -8.9189484715e-02 -1.8795505762e+00
117 107 99
5 0 178 -356.8799 -108.0813 1 181 -364.6924 -177.3357 29 95 -356.1199 4.2498 30 142 -349.8411 -89.5982 31 139 -347.3765 -162.7297
-2.0914721489e-01 2.3803082108e-01 -1.6654632092e+00
180 167 163
8 0 216 -177.0076 171.5188 1 221 -189.9105 165.4583 2 97 -185.8665 126.3598 3 61 -204.3968 62.9785 4 40 -192.7326 19.6764 5 22 -210.9222 -32.1806 30 174 -179.8560 171.6721 31 145 -180.8907 145.2991
-2.5536027551e-01 1.8015654385e-01 -1.6741096973e+00
173 158 152
5 0 217 -231.1859 158.0778 1 222 -248.3138 137.2318 29 103 -222.0697 197.5952 30 175 -231.3418 159.4670 31 146 -235.1624 123.2870
-4.1860324144e-01 3.3506471664e-02 -1.6632837057e+00
91 76 67
4 0 219 -426.1214 153.0267 1 224 -446.1117 96.7514 3 63 -441.7648 -75.2736 31 148 -421.9928 96.5037
-4.1043055058e-01 2.3454993963e-02 -1.6765401363e+00
89 73 63
3 0 221 -420.9196 137.2224 1 226 -439.9554 78.3816 29 104 -410.2900 213.6081
-2.9333892465e-01 8.4562793374e-02 -1.6792227030e+00
145 131 121
6 0 222 -287.2690 138.4438 1 227 -302.9711 93.3322 2 100 -297.4581 24.6291 29 105 -281.8517 202.3306 30 177 -285.8575 143.9229 31 150 -287.2126 90.0476
-2.3836036026e-01 1.6525967419e-01 -1.6828399897e+00
155 140 134
5 0 223 -217.2904 145.4505 1 228 -231.2486 121.7757 2 101 -226.7532 70.2416 30 178 -218.6506 148.4656 31 151 -219.7180 110.2347
-2.1766088903e-01 1.7480401695e-01 -1.6901245117e+00
150 133 126
5 0 224 -196.1545 138.9358 1 229 -209.5366 117.7965 29 106 -194.1091 183.0071 30 179 -198.0258 142.3088 31 152 -199.3082 104.8501
-3.4297150373e-01 3.0188634992e-02 -1.6797358990e+00
148 131 123
9 0 226 -351.0358 130.7843 1 231 -367.8324 71.7030 2 103 -360.3396 -8.3995 3 66 -366.5375 -95.5867 4 44 -347.1589 -149.5267 5 26 -355.6983 -199.6807 29 107 -343.3958 208.1816 30 181 -347.0336 137.4442 31 153 -348.2913 74.0779
-3.1677708030e-01 4.8373192549e-02 -1.6802921295e+00
145 130 122
4 0 227 -319.0688 131.8963 1 232 -335.8161 77.6667 2 104 -329.4914 0.7507 3 67 -337.8995 -83.9573
-3.0510765314e-01 6.7498452961e-02 -1.6826496124e+00
150 135 128
7 0 228 -303.3224 132.6766 1 233 -318.9759 83.3423 2 105 -312.7426 11.4904 3 68 -322.2452 -70.2465 4 45 -305.3658 -121.5271 30 182 -301.2797 138.6158 31 154 -302.4318 81.5390
-2.3607160151e-01 1.4372439682e-01 -1.6969705820e+00
181 165 160
8 0 229 -218.8752 127.3249 1 234 -232.7826 99.9212 2 106 -228.5172 46.9768 3 69 -243.0341 -23.6727 4 46 -230.9539 -67.6588 29 108 -217.3254 179.8513 30 183 -219.9361 131.5602 31 155 -220.7325 90.2075
-3.6669385433e-01 1.4193848707e-02 -1.6930963993e+00
97 91 72
8 0 231 -379.9366 115.6360 1 236 -397.0611 53.5562 2 108 -388.3106 -27.0178 3 71 -391.7346 -112.8934 4 48 -370.7564 -164.0273 5 27 -377.5858 -210.8597 30 185 -374.9033 123.3206 31 157 -376.0256 57.4601
-3.6679363251e-01 1.7297768965e-02 -1.6860233545e+00
97 89 68
3 0 232 -378.8106 123.5286 1 237 -396.0506 61.8450 31 158 -374.9986 65.0443
-3.0273970962e-01 5.4840851575e-02 -1.6907656193e+00
157 141 135
9 1 239 -319.6053 68.9239 2 110 -313.2300 -3.8768 3 73 -322.2620 -85.3802 4 49 -304.9420 -135.2392 5 28 -316.1339 -182.6602 6 13 -276.3114 -230.2127 29 111 -298.0890 194.7583 30 186 -301.7810 129.5823 31 160 -302.5675 68.8072
-2.5597155094e-01 9.5842838287e-02 -1.7008863688e+00
141 125 120
2 0 234 -248.3907 116.6072 1 240 -262.3985 75.4811
-3.4283927083e-01 1.5442159027e-02 -1.6982972622e+00
130 112 103
9 0 236 -354.5775 109.2527 1 242 -370.9466 47.3517 2 112 -362.7093 -32.3594 3 74 -368.0421 -116.8855 4 51 -348.2972 -167.4283 5 30 -356.7667 -213.3574 28 62 -345.5576 221.4576 29 113 -347.1147 190.4312 30 188 -350.6748 116.7792
-1.5453457832e-01 3.6027672887e-01 -1.7580176592e+00
54 62 59
7 0 237 -115.4841 106.2797 1 243 -125.5738 132.0687 2 113 -120.8995 128.6008 3 75 -141.0697 98.7058 4 52 -130.4640 81.7432 30 189 -119.6237 105.1554 31 162 -120.7577 101.9403
-4.0280112624e-01 -2.4850110640e-04 -1.7047634125e+00
88 74 62
7 0 238 -420.3279 102.9172 1 244 -438.4334 39.0506 2 114 -427.7333 -41.0602 3 76 -429.1844 -125.8604 4 53 -406.2523 -175.0393 30 190 -413.0867 110.7172 31 163 -415.2055 43.8517
-3.1353393197e-01 2.0276231691e-02 -1.7118141651e+00
137 118 109
6 0 239 -323.9858 93.9635 1 245 -338.6717 33.6203 2 115 -330.5311 -42.2504 5 31 -329.2745 -212.9032 29 114 -318.5031 175.6286 31 164 -320.0460 38.6071
-3.0569040775e-01 3.7407938391e-02 -1.7060215473e+00
144 129 122
4 0 240 -310.9269 102.9296 1 246 -326.6740 47.0654 2 116 -319.8518 -27.1568 31 165 -309.4435 49.5070
-1.7094038427e-01 3.5552504659e-01 -1.7610517740e+00
65 78 73
6 0 241 -130.4059 103.8310 1 247 -141.1092 129.3819 2 117 -136.0206 125.7733 3 77 -155.4805 95.8622 4 54 -144.5157 78.9238 31 166 -135.1894 99.2471
-1.8163962662e-01 3.5390517116e-01 -1.7615988255e+00
91 106 98
4 0 242 -139.6559 103.6455 1 248 -150.5418 129.0163 2 118 -145.8446 125.9611 31 167 -144.5566 99.2664
-9.4980612397e-02 3.8760405779e-01 -1.7747968435e+00
165 179 177
3 0 243 -62.8664 93.6987 1 249 -72.1182 124.4281 30 191 -68.2098 92.5719
4.1048675776e-02 4.0294343233e-01 -1.7630046606e+00
60 69 66
3 0 244 53.7438 98.0804 1 250 47.5380 127.5139 31 168 44.3746 97.2646
-4.2127367854e-01 -1.2350069359e-02 -1.7214431763e+00
91 81 71
4 0 249 -443.4230 84.4816 1 255 -459.8372 19.5195 2 123 -448.2528 -59.5758 30 196 -435.7593 92.5982
-3.9936646819e-01 -9.0765794739e-03 -1.7151693106e+00
83 77 68
6 0 250 -420.1384 89.9524 1 256 -436.4743 24.6016 2 124 -425.5936 -55.4609 3 82 -425.9739 -138.6739 30 197 -413.1962 98.6141 31 173 -413.6370 30.5430
-3.8484552503e-01 -5.7963952422e-03 -1.7174882889e+00
74 72 56
7 0 251 -403.8676 87.2771 1 257 -420.6145 23.0633 2 125 -409.7425 -56.7547 28 63 -393.1135 210.4272 29 116 -395.2559 174.0170 30 198 -397.7590 95.9803 31 174 -398.5062 28.1914
-3.4207874537e-01 5.2330289036e-03 -1.7178977728e+00
126 106 97
9 0 252 -357.3129 86.3806 1 258 -372.7368 22.8878 2 126 -363.4040 -54.8524 3 83 -367.2684 -134.5283 4 59 -347.2681 -180.3420 28 64 -348.4941 207.4910 29 117 -349.8201 172.0700 30 199 -352.5512 95.6361 31 175 -353.1423 28.5148
-3.3116647601e-01 1.4094008133e-02 -1.7138614655e+00
100 83 74
4 0 253 -343.4976 91.9537 1 259 -358.6682 30.5726 29 118 -336.7596 174.9486 30 200 -339.2922 100.6948
4.4203981757e-02 3.9605903625e-01 -1.7706646919e+00
59 69 68
3 0 254 55.6321 90.3439 1 260 49.4117 118.6275 31 176 46.4307 89.1060
-3.3417862654e-01 7.1870414540e-03 -1.7238433361e+00
79 70 61
3 0 257 -348.4441 80.4258 1 263 -363.4189 18.0541 31 179 -344.5051 23.4501
-3.0156505108e-01 1.7747405916e-02 -1.7308988571e+00
144 123 115
9 0 258 -311.6795 73.2944 1 264 -325.8072 12.2534 2 129 -318.0478 -60.5243 3 86 -325.4673 -134.6687 4 62 -308.1055 -176.9982 5 33 -318.9874 -215.9890 29 121 -307.4666 158.7599 30 203 -308.7302 83.2045 31 180 -308.9332 17.3886
-2.2793409228e-01 1.0602490604e-01 -1.7403795719e+00
163 148 144
3 0 260 -219.4933 78.1476 1 266 -232.4803 42.2929 31 182 -220.9700 38.3596
-1.8207730353e-01 3.2222187519e-01 -1.7880835533e+00
85 106 99
8 0 261 -145.0329 75.5277 1 267 -156.0431 95.9047 2 131 -151.0604 90.0907 3 88 -169.6867 59.8703 4 63 -158.1473 46.1950 29 122 -145.0735 88.4444 30 205 -147.7874 75.7097 31 183 -149.0525 68.2690
-9.3143001199e-02 3.8326251507e-01 -1.7967194319e+00
82 101 98
7 0 262 -62.6739 74.2859 1 268 -72.0494 105.6957 2 132 -66.9552 109.7424 3 89 -87.2543 88.7786 29 123 -64.7047 77.6008 30 206 -67.9840 74.1157 31 184 -69.2159 74.6483
3.0420982838e-01 3.8076600432e-01 -1.7670633793e+00
76 89 88
6 0 266 279.0038 75.1111 1 272 275.5201 91.6528 2 135 278.6670 82.3391 29 126 268.6047 90.0965 30 209 263.8312 82.5376 31 188 262.6508 69.3331
-4.2618444562e-01 -2.5866053998e-02 -1.7350991964e+00
97 83 72
8 0 267 -452.9283 67.6224 1 273 -468.5942 0.0422 2 136 -455.7997 -78.4606 3 92 -452.9261 -158.3506 28 69 -440.4292 199.6354 29 127 -443.0291 158.3651 30 210 -444.8625 76.6851 31 189 -444.6522 7.4380
-4.0522831678e-01 -2.5309083983e-02 -1.7361476421e+00
89 81 69
7 0 269 -430.8025 65.2012 1 275 -446.8781 -3.0298 2 138 -434.1860 -81.5647 3 94 -432.7845 -160.9756 4 66 -409.0201 -204.3942 30 212 -423.5471 74.7089 31 191 -423.1703 4.9663
-2.4423314631e-01 6.8537592888e-02 -1.7483869791e+00
171 155 148
4 0 271 -243.1083 63.2522 1 277 -256.3974 18.4919 30 214 -242.2540 72.6700 31 193 -243.1660 17.9360
-1.7410294712e-01 3.1616330147e-01 -1.7969228029e+00
86 106 103
5 0 272 -139.2705 66.3451 1 278 -150.0083 85.3383 2 140 -145.1786 79.9493 3 96 -163.3557 51.0739 31 194 -143.4958 58.9640
4.2592341197e-04 3.8304257393e-01 -1.7996058464e+00
62 70 68
5 0 273 16.7265 66.4424 1 279 8.5104 95.0618 28 70 8.6025 43.8803 29 130 13.2664 72.3572 30 215 9.7087 68.2662
-3.4721612930e-01 -1.7531966791e-02 -1.7408496141e+00
95 84 74
4 0 276 -369.0921 58.3069 1 282 -383.1057 -9.5463 2 143 -372.4086 -86.8631 31 197 -363.4378 -1.3624
-1.3606862724e-01 3.6173096299e-01 -1.8174133301e+00
68 89 85
8 0 277 -101.8488 55.4357 1 283 -112.0891 85.0090 2 144 -107.0879 88.7679 3 99 -126.7087 69.0807 4 69 -115.7836 61.3500 29 132 -103.0306 61.8511 30 218 -105.5528 55.5939 31 198 -107.1285 54.9988
-1.1569943279e-01 3.7228980660e-01 -1.8108632565e+00
83 106 102
6 0 278 -83.0912 61.7612 1 284 -92.9459 92.4257 2 145 -87.9900 96.8473 29 133 -84.8535 66.5744 30 219 -87.4939 61.8662 31 199 -89.0315 61.9788
-3.3301813528e-03 3.8675159216e-01 -1.8067482710e+00
61 68 65
5 0 279 13.7296 61.1585 1 285 4.4312 91.5202 29 134 10.7576 66.5924 30 220 6.6824 63.1453 31 200 3.9345 62.0027
1.0601355135e-01 3.8923421502e-01 -1.8009274006e+00
51 55 54
4 0 280 106.7296 60.3318 1 286 99.6691 87.1708 29 135 101.2542 67.8649 31 201 95.1351 59.5784
1.2072527409e-01 3.9503583312e-01 -1.8010015488e+00
45 50 48
7 0 281 119.1426 60.5781 1 287 112.2442 88.0551 27 29 101.9981 35.1310 28 73 108.7709 39.8089 29 136 113.5856 67.3929 30 221 109.0292 64.2765 31 202 107.0859 60.3282
2.3010393977e-01 3.8146972656e-01 -1.7883491516e+00
55 62 60
4 0 282 214.0118 62.1602 1 288 207.7554 82.4815 30 222 201.2248 68.1552 31 203 198.9731 58.1193
3.8849061728e-01 3.9129856229e-01 -1.7796168327e+00
56 61 61
