# Bundle file v0.3
46 2689
1.5614722158e+03 -5.5668743288e-01 5.5283832647e+00
9.9987092965e-01 -1.5999739226e-02 -1.4602698296e-03
1.5727991361e-02 9.9332110454e-01 -1.1430578973e-01
3.2793796678e-03 1.1426806913e-01 9.9344453999e-01
-7.8075637929e-03 -7.4267348923e-01 -4.9750460682e-02
1.5614722158e+03 -5.5668743288e-01 5.5283832647e+00
9.9999511311e-01 1.3055905956e-03 -2.8406303651e-03
-1.2540679424e-03 9.9983603621e-01 1.8064550980e-02
2.8637495125e-03 -1.8060900358e-02 9.9983278743e-01
-1.7781863802e-02 1.9078360969e-02 3.1645488045e-03
1.5614722158e+03 -5.5668743288e-01 5.5283832647e+00
9.9983248179e-01 1.8280786582e-02 -9.0620420550e-04
-1.7929582187e-02 9.8817324787e-01 1.5228973133e-01
3.6794628300e-03 -1.5224797216e-01 9.8833547772e-01
-8.6457213513e-03 7.9335559683e-01 -4.7500458462e-02
1.5614722158e+03 -5.5668743288e-01 5.5283832647e+00
9.9938568754e-01 3.4948621901e-02 2.6156002254e-03
-3.4262221420e-02 9.5860106023e-01 2.8268375884e-01
7.3720906559e-03 -2.8259971896e-01 9.5920959708e-01
9.6005969931e-03 1.5478077588e+00 -1.9859545210e-01
1.5614722158e+03 -5.5668743288e-01 5.5283832647e+00
9.9121884422e-01 1.1425238050e-01 6.6570236695e-02
-1.1090603306e-01 4.4417358414e-01 8.8904987430e-01
7.2007323894e-02 -8.8862602973e-01 4.5294450499e-01
3.7057731806e-01 5.0978800313e+00 -3.0514011854e+00
1.5614722158e+03 -5.5668743288e-01 5.5283832647e+00
9.8922176415e-01 1.2138522814e-01 8.1889729061e-02
-1.1733785211e-01 3.2260686479e-01 9.3923194114e-01
8.7590694699e-02 -9.3871744267e-01 3.3337281387e-01
4.5807827298e-01 5.4013691587e+00 -3.7359390935e+00
1.5614722158e+03 -5.5668743288e-01 5.5283832647e+00
9.8716052007e-01 1.2576083203e-01 9.8480052480e-02
-1.2201293837e-01 1.9579014189e-01 9.7302572587e-01
1.0308710142e-01 -9.7254842217e-01 2.0862074694e-01
5.5292233033e-01 5.6111565247e+00 -4.4489043654e+00
1.5614722158e+03 -5.5668743288e-01 5.5283832647e+00
9.8496791747e-01 1.2834996281e-01 1.1560488142e-01
-1.2464158876e-01 6.4737056569e-02 9.9008766675e-01
1.1959379546e-01 -9.8961376332e-01 7.9761667074e-02
6.5129784819e-01 5.7250468186e+00 -5.1892767601e+00
1.5614722158e+03 -5.5668743288e-01 5.5283832647e+00
9.8274983119e-01 1.2840456055e-01 1.3309785170e-01
-1.2548237382e-01 -6.5714575596e-02 9.8991705128e-01
1.3585633278e-01 -9.8954224942e-01 -4.8468479007e-02
7.5178934241e-01 5.7398784810e+00 -5.9266043461e+00
1.5614722158e+03 -5.5668743288e-01 5.5283832647e+00
9.8059331077e-01 1.2656423331e-01 1.4972726447e-01
-1.2309163501e-01 -1.9697180187e-01 9.7265130373e-01
1.5259491561e-01 -9.7220553594e-01 -1.7757023291e-01
8.4757974479e-01 5.6560417416e+00 -6.6717191517e+00
1.5614722158e+03 -5.5668743288e-01 5.5283832647e+00
9.7835474563e-01 1.2301683619e-01 1.6639966864e-01
-1.1882763184e-01 -3.2435374521e-01 9.3844266840e-01
1.6941660373e-01 -9.3790271670e-01 -3.0271522657e-01
9.4411195668e-01 5.4744721779e+00 -7.3998620616e+00
1.5614722158e+03 -5.5668743288e-01 5.5283832647e+00
9.7019883316e-01 -7.4379972063e-02 2.3061189018e-01
7.6051228288e-02 -8.1015935767e-01 -5.8125555984e-01
2.3006615313e-01 5.8147178343e-01 -7.8035897525e-01
1.3365067010e+00 -3.2201615922e+00 -1.0334189443e+01
1.5614722158e+03 -5.5668743288e-01 5.5283832647e+00
9.7160083052e-01 -8.8105879450e-02 2.1961142988e-01
8.8560379934e-02 -7.2524721070e-01 -6.8276902572e-01
2.1942854243e-01 6.8282782411e-01 -6.9684810209e-01
1.2746420260e+00 -3.8146297264e+00 -9.8615860049e+00
1.5614722158e+03 -5.5668743288e-01 5.5283832647e+00
9.7308799402e-01 -1.0057456871e-01 2.0732706536e-01
9.9681436912e-02 -6.2746490463e-01 -7.7223791968e-01
2.0775795300e-01 7.7212210795e-01 -6.0055314783e-01
1.2053724279e+00 -4.3414262888e+00 -9.3146060532e+00
1.5614722158e+03 -5.5668743288e-01 5.5283832647e+00
9.7518361718e-01 -1.0922304132e-01 1.9258047676e-01
1.0936321886e-01 -5.1866514808e-01 -8.4795409695e-01
1.9250090687e-01 8.4797216429e-01 -4.9384877184e-01
1.1211506403e+00 -4.7903014697e+00 -8.7066550573e+00
1.5614722158e+03 -5.5668743288e-01 5.5283832647e+00
9.7728800497e-01 -1.1677221668e-01 1.7684005416e-01
1.1708111868e-01 -3.9803366321e-01 -9.0986878977e-01
1.7663569003e-01 9.0990848571e-01 -3.7532170287e-01
1.0310441405e+00 -5.1616760377e+00 -8.0347677982e+00
1.5614722158e+03 -5.5668743288e-01 5.5283832647e+00
9.7881700277e-01 -1.2512987667e-01 1.6204872432e-01
1.2260860979e-01 -2.7562026407e-01 -9.5341522897e-01
1.6396464220e-01 9.5308760563e-01 -2.5443980056e-01
9.4736577235e-01 -5.4260610477e+00 -7.3401978121e+00
1.5614722158e+03 -5.5668743288e-01 5.5283832647e+00
9.8120688747e-01 -1.2772301620e-01 1.4463704615e-01
1.2555700240e-01 -1.4657036993e-01 -9.8119955453e-01
1.4652127195e-01 9.8091995484e-01 -1.2777933742e-01
8.4699836501e-01 -5.6009125358e+00 -6.6137229463e+00
1.5614722158e+03 -5.5668743288e-01 5.5283832647e+00
9.8337359540e-01 -1.2912410833e-01 1.2768451947e-01
1.2663824470e-01 -1.6315220300e-02 -9.9181478541e-01
1.3015040086e-01 9.9149421493e-01 3.0809358126e-04
7.4954242765e-01 -5.6765021256e+00 -5.8766369594e+00
1.5614722158e+03 -5.5668743288e-01 5.5283832647e+00
9.8566925436e-01 -1.2723914104e-01 1.1075342885e-01
1.2549304134e-01 1.1434371515e-01 -9.8548313602e-01
1.1272806922e-01 9.8525921249e-01 1.2867271124e-01
6.5155833967e-01 -5.6545430179e+00 -5.1385971230e+00
1.5614722158e+03 -5.5668743288e-01 5.5283832647e+00
9.8781758471e-01 -1.2476426581e-01 9.3006974574e-02
1.2168778927e-01 2.4677031023e-01 -9.6140339917e-01
9.6997429274e-02 9.6100899682e-01 2.5894633951e-01
5.4912888234e-01 -5.5319393977e+00 -4.3840848815e+00
1.5614722158e+03 -5.5668743288e-01 5.5283832647e+00
9.8994494989e-01 -1.1906903136e-01 7.6364664371e-02
1.1597939123e-01 3.7416568005e-01 -9.2008087942e-01
8.0980102512e-02 9.1968614736e-01 3.8421297916e-01
4.5253664163e-01 -5.3090078045e+00 -3.6600685484e+00
1.5614722158e+03 -5.5668743288e-01 5.5283832647e+00
9.9178622309e-01 -1.1253524988e-01 6.0793957054e-02
1.0906610392e-01 4.9576898178e-01 -8.6157861027e-01
6.6818206010e-02 8.6113235582e-01 5.0397062722e-01
3.6223894487e-01 -4.9870756461e+00 -2.9625287019e+00
1.5614722158e+03 -5.5668743288e-01 5.5283832647e+00
9.9358533726e-01 -1.0321577326e-01 4.6202616023e-02
9.9702520070e-02 6.0676047660e-01 -7.8860708310e-01
5.3362768562e-02 7.8815495189e-01 6.1315918549e-01
2.7721470967e-01 -4.5801353906e+00 -2.3226937701e+00
1.5614722158e+03 -5.5668743288e-01 5.5283832647e+00
9.9522743305e-01 -9.1758688220e-02 3.3206921563e-02
8.8634972654e-02 7.0767536028e-01 -7.0095607999e-01
4.0819090218e-02 7.0055401475e-01 7.1243096107e-01
2.0101046204e-01 -4.0874056545e+00 -1.7410471576e+00
1.5614722158e+03 -5.5668743288e-01 5.5283832647e+00
9.9659819601e-01 -7.9590484685e-02 2.1386688627e-02
7.6416751829e-02 7.9524054044e-01 -6.0145902843e-01
3.0862853770e-02 6.0104728399e-01 7.9861733431e-01
1.3146412477e-01 -3.5247069588e+00 -1.2309444632e+00
1.5614722158e+03 -5.5668743288e-01 5.5283832647e+00
9.9779622853e-01 -6.5254144353e-02 1.2024266085e-02
6.2745561253e-02 8.6899341651e-01 -4.9082933553e-01
2.1579640247e-02 4.9050212917e-01 8.7117276152e-01
7.5776592395e-02 -2.8960926281e+00 -7.9786143273e-01
1.5614722158e+03 -5.5668743288e-01 5.5283832647e+00
9.9877209252e-01 -4.9332597120e-02 4.5389497820e-03
4.7490386880e-02 9.2731763617e-01 -3.7125013778e-01
1.4105685295e-02 3.7100983344e-01 9.2852180003e-01
3.0886708490e-02 -2.2144059549e+00 -4.5485829153e-01
1.5614722158e+03 -5.5668743288e-01 5.5283832647e+00
9.9946825144e-01 -3.2606773887e-02 -1.1255782939e-04
3.1580212917e-02 9.6884983321e-01 -2.4562713783e-01
8.1181601777e-03 2.4549297135e-01 9.6936437757e-01
2.0892605535e-03 -1.4955312003e+00 -2.0398118525e-01
1.5614722158e+03 -5.5668743288e-01 5.5283832647e+00
9.9976427776e-01 -2.1570130878e-02 -2.4735335033e-03
2.0891580397e-02 9.8675855413e-01 -1.6084494930e-01
5.9102269508e-03 1.6075535854e-01 9.8697658732e-01
-1.2754129952e-02 -1.0093709379e+00 -9.2808470346e-02
1.5614722158e+03 -5.5668743288e-01 5.5283832647e+00
-9.6493788607e-01 -2.3736876074e-02 -2.6140282468e-01
1.4139828357e-02 9.8975547382e-01 -1.4207099390e-01
2.6209719817e-01 -1.4078587560e-01 -9.5471691927e-01
-1.5378999304e+00 -8.9965852406e-01 -1.1256333116e+01
1.5614722158e+03 -5.5668743288e-01 5.5283832647e+00
-9.6532100449e-01 -3.5554550847e-02 -2.5863339345e-01
2.5637690719e-02 9.7298350223e-01 -2.2944675461e-01
2.5980390126e-01 -2.2812053459e-01 -9.3832987515e-01
-1.5205888911e+00 -1.4015339569e+00 -1.1152330084e+01
1.5614722158e+03 -5.5668743288e-01 5.5283832647e+00
-9.6627568486e-01 -5.2503466154e-02 -2.5210054918e-01
4.1603001266e-02 9.3430376790e-01 -3.5404188958e-01
2.5412691936e-01 -3.5259020879e-01 -9.0061071142e-01
-1.4809198623e+00 -2.1140740315e+00 -1.0920083446e+01
1.5614722158e+03 -5.5668743288e-01 5.5283832647e+00
-9.6737814716e-01 -6.9046889363e-02 -2.4374586657e-01
5.6842642337e-02 8.7845101213e-01 -4.7443938843e-01
2.4687736716e-01 -4.7281745563e-01 -8.4586950485e-01
-1.4307786994e+00 -2.8008138066e+00 -1.0590832891e+01
1.5614722158e+03 -5.5668743288e-01 5.5283832647e+00
-9.6852661674e-01 -8.4477806419e-02 -2.3413605636e-01
7.1637643539e-02 8.0624140126e-01 -5.8723321681e-01
2.3837835618e-01 -5.8552395606e-01 -7.7481446565e-01
-1.3737397667e+00 -3.4423576150e+00 -1.0167579838e+01
1.5614722158e+03 -5.5668743288e-01 5.5283832647e+00
-9.7026588413e-01 -9.7728811779e-02 -2.2143439984e-01
8.4407513068e-02 7.2080845123e-01 -6.8797568879e-01
2.2684683340e-01 -6.8621006695e-01 -6.9112680327e-01
-1.2988705087e+00 -4.0124529922e+00 -9.6735686609e+00
1.5614722158e+03 -5.5668743288e-01 5.5283832647e+00
-9.7216763162e-01 -1.0972482931e-01 -2.0700376292e-01
9.5203101960e-02 6.2230050246e-01 -7.7696747294e-01
2.1407116903e-01 -7.7505002836e-01 -5.9453426152e-01
-1.2141746472e+00 -4.5133801064e+00 -9.1056059338e+00
1.5614722158e+03 -5.5668743288e-01 5.5283832647e+00
-9.7411922871e-01 -1.1927830208e-01 -1.9200108048e-01
1.0529883674e-01 5.1216260402e-01 -8.5240930428e-01
2.0000970784e-01 -8.5056578446e-01 -4.8634757435e-01
-1.1266219003e+00 -4.9349521733e+00 -8.4726182259e+00
1.5614722158e+03 -5.5668743288e-01 5.5283832647e+00
-9.9174125002e-01 -1.1661313720e-01 -5.3391658886e-02
1.0478875507e-01 -4.9670887554e-01 -8.6156811093e-01
7.3950049480e-02 -8.6004748078e-01 5.0482642660e-01
-3.2991068623e-01 -4.8671560129e+00 -2.7613517351e+00
1.5614722158e+03 -5.5668743288e-01 5.5283832647e+00
-9.9364313643e-01 -1.0568381086e-01 -3.8784655966e-02
9.5299974256e-02 -6.0626560007e-01 -7.8953146680e-01
5.9926891482e-02 -7.8820869970e-01 6.1248331682e-01
-2.4694752442e-01 -4.4392083243e+00 -2.1496803046e+00
1.5614722158e+03 -5.5668743288e-01 5.5283832647e+00
-9.6736814755e-01 7.1237515722e-02 -2.4315444362e-01
-7.1911802869e-02 8.4300787804e-01 5.3307261247e-01
2.4295588016e-01 5.3316314005e-01 -8.1037615117e-01
-1.4439273174e+00 3.0054850607e+00 -1.0504428061e+01
1.5614722158e+03 -5.5668743288e-01 5.5283832647e+00
-9.6583450659e-01 5.4840046530e-02 -2.5329089043e-01
-5.7928964273e-02 9.0694194127e-01 4.1725358029e-01
2.5260233763e-01 4.1767078478e-01 -8.7277899526e-01
-1.5005676029e+00 2.3309690483e+00 -1.0851626484e+01
1.5614722158e+03 -5.5668743288e-01 5.5283832647e+00
-9.6542922334e-01 3.7325973397e-02 -2.5797904261e-01
-4.2050484633e-02 9.5443005329e-01 2.9545732369e-01
2.5725118359e-01 2.9609127831e-01 -9.1986508981e-01
-1.5253794196e+00 1.6242056867e+00 -1.1107963609e+01
1.5614722158e+03 -5.5668743288e-01 5.5283832647e+00
-9.6461097279e-01 1.9558969342e-02 -2.6295078987e-01
-2.5386758003e-02 9.8572309434e-01 1.6644967348e-01
2.6245225031e-01 1.6723464952e-01 -9.5034277411e-01
-1.5521801025e+00 8.7735943189e-01 -1.1268707052e+01
1.5614722158e+03 -5.5668743288e-01 5.5283832647e+00
-9.6398791461e-01 1.0235013965e-03 -2.6594407859e-01
-8.2595421045e-03 9.9939498620e-01 3.3785226506e-02
2.6581775797e-01 3.4765126359e-02 -9.6339623496e-01
-1.5674870842e+00 1.1141190905e-01 -1.1327835477e+01
1.5614722158e+03 -5.5668743288e-01 5.5283832647e+00
-9.6425171975e-01 -1.7480038118e-02 -2.6441079636e-01
8.6586040106e-03 9.9521069191e-01 -9.7368923630e-02
2.6484646409e-01 -9.6177580442e-02 -9.5948226845e-01
-1.5565053046e+00 -6.4326839059e-01 -1.1290483773e+01
6.6280102730e-01 4.7768667340e-01 -5.5267882347e+00
32 22 9
2 0 5 185.1805 105.5864 1 4 184.9522 110.8543
8.5720896721e-01 4.6519437432e-01 -5.6360616684e+00
148 123 72
7 0 6 234.9983 104.0208 1 5 234.6735 104.5542 25 0 235.3622 85.6947 26 1 235.4074 92.7307 27 1 235.2516 98.2652 28 2 235.2756 101.8909 29 4 234.7167 103.6711
4.3985399604e-01 4.4242340326e-01 -5.5550632477e+00
46 31 12
5 0 13 121.7325 95.4639 1 12 122.3906 100.4019 2 6 123.5493 104.3845 3 5 124.5323 106.5031 29 8 121.4217 93.3069
4.0291127563e-01 4.0314984322e-01 -5.4899787903e+00
141 114 68
5 0 14 112.7542 83.3226 1 13 113.6999 91.1101 2 7 114.7052 97.8696 28 4 112.2554 73.3006 29 9 112.5383 80.1044
5.2537804842e-01 4.0275749564e-01 -5.5268392563e+00
83 65 36
4 1 14 147.0805 89.5318 2 8 147.4719 94.8025 3 6 148.3878 98.0000 28 5 145.6637 76.6994
6.7181527615e-01 4.2118459940e-01 -5.4601054192e+00
144 121 74
4 0 15 189.8799 88.6017 1 15 190.1187 96.5714 28 6 189.7580 79.0101 29 10 189.8060 85.4717
-6.2404453754e-01 4.0946131945e-01 -5.6193838120e+00
111 91 58
11 0 16 -174.8538 82.1795 1 16 -172.4238 89.9754 2 9 -169.5558 96.7787 3 7 -166.4800 101.3991 23 0 -182.6920 10.6079 24 1 -182.2823 24.2066 25 3 -181.7672 37.7559 26 4 -180.3576 50.4361 27 4 -178.9850 62.0231 28 8 -176.8879 73.1453 29 11 -175.5677 79.4058
2.1765077114e-01 3.9306905866e-01 -5.5179252625e+00
59 47 22
4 0 17 59.4739 79.9446 1 17 61.0968 88.0847 2 10 62.3557 94.5275 29 12 59.1876 77.1027
2.7514201403e-01 3.8728088140e-01 -5.4859876633e+00
86 70 39
7 0 18 76.7622 78.2923 1 18 77.5925 87.6366 2 11 78.5588 93.9885 3 8 79.4958 99.9808 27 5 75.5329 55.8726 28 9 75.9911 67.4744 29 13 76.5306 74.9770
3.5427534580e-01 3.8716113567e-01 -5.4452128410e+00
136 117 75
5 0 19 100.0277 77.5801 1 19 100.6330 87.8064 2 12 101.3742 96.4275 28 10 99.4603 65.9324 29 14 99.8915 73.7609
4.4440278411e-01 3.8852408528e-01 -5.5167126656e+00
55 38 18
5 0 20 124.3272 79.3813 1 20 124.7552 86.6631 2 13 125.2767 92.2722 3 9 125.5587 95.7550 28 11 123.7649 71.2924
9.4216126204e-01 3.7714710832e-01 -5.6697340012e+00
2 0 0
7 0 24 256.3702 80.0106 1 24 256.4146 79.0168 2 16 256.2651 77.2847 3 13 256.1097 74.7137 27 9 256.3203 79.8544 28 15 256.4528 80.4399 29 18 256.6335 80.4594
1.3203689456e-01 3.6685249209e-01 -5.5422573090e+00
102 82 45
2 0 26 35.5700 72.7678 1 26 36.8047 80.2906
4.5006909966e-01 3.5763409734e-01 -5.5084986687e+00
60 42 21
5 0 27 126.1093 70.6691 1 27 126.3655 78.0907 2 17 126.7884 83.9959 28 16 125.8531 62.2455 29 20 126.0700 67.9271
7.4980759621e-01 3.5408535600e-01 -5.4801740646e+00
169 144 89
6 0 28 211.1149 70.0931 1 28 211.1391 77.2300 2 18 211.6284 82.5503 3 14 210.8668 87.1486 28 17 211.3261 61.9815 29 21 211.0927 67.5257
-5.6638312340e-01 3.5650426149e-01 -5.5905518532e+00
114 94 61
10 0 29 -159.3693 67.5271 1 29 -157.3501 76.4771 21 2 -162.6038 -27.2770 22 2 -163.4565 -15.5663 23 3 -164.0303 -3.2901 25 7 -163.9609 21.8912 26 8 -163.3970 34.2107 27 10 -162.4088 46.2323 28 18 -161.0586 57.4866 29 22 -159.8671 64.1383
4.0171980858e-01 3.4372240305e-01 -5.4636597633e+00
138 113 68
5 0 30 113.3340 65.7759 1 30 113.8510 74.8854 2 19 114.3596 83.1232 28 19 113.0285 55.2285 29 23 113.1728 62.2316
4.5487481356e-01 3.2633861899e-01 -5.5125770569e+00
69 51 25
4 0 31 127.7081 62.2565 1 31 127.7380 69.6630 2 20 127.6886 74.8208 28 20 127.5350 53.4444
4.6419990063e-01 3.4503382444e-01 -5.4865374565e+00
66 49 27
7 1 32 130.6941 74.6136 2 21 130.8174 82.0117 3 15 130.9686 87.4193 25 8 130.3591 25.3002 26 9 130.2621 35.8905 27 11 130.3212 47.0169 28 21 130.3173 57.2350
-6.1903470755e-01 3.2356572151e-01 -5.5933299065e+00
115 95 64
9 0 32 -173.7341 57.9533 1 33 -171.9126 67.0816 2 22 -169.8514 75.2592 3 16 -167.7633 81.3222 24 5 -176.9956 1.9149 26 10 -176.9992 25.7175 27 12 -176.1125 37.3188 28 22 -175.0227 48.3245 29 24 -174.3585 54.8484
-4.7233214974e-01 3.2671269774e-01 -5.5649881363e+00
120 96 60
11 0 33 -133.7861 59.1101 1 34 -132.3093 68.6080 2 23 -130.4271 76.8342 3 17 -128.3918 83.8636 23 4 -136.5514 -11.4739 24 6 -136.9881 0.7109 25 9 -137.1176 13.1824 26 11 -136.6874 25.3902 27 13 -136.1277 37.2004 28 23 -135.1372 48.7054 29 25 -134.3824 55.7924
3.1966394186e-01 3.2625907660e-01 -5.4406361580e+00
142 120 79
9 0 34 90.3766 59.8555 1 35 90.8281 70.5686 2 24 91.5747 80.0249 3 18 92.2967 88.0312 25 10 89.3552 9.0981 26 12 89.2922 22.6198 27 14 89.6082 35.6916 28 24 89.9041 48.2316 29 26 90.3239 56.0504
5.3421789408e-01 3.1963491440e-01 -5.5010681152e+00
103 80 46
7 0 35 150.0239 59.9773 1 36 150.2891 67.2991 2 25 150.4943 73.5023 3 19 150.6721 78.4745 27 15 149.8435 42.8355 28 25 149.8743 51.9742 29 27 150.0470 57.3398
8.4527909756e-01 2.8342801332e-01 -5.5899214745e+00
147 119 73
5 0 39 233.7755 52.8675 1 40 233.2570 55.2521 2 28 232.9882 57.2982 3 21 232.2497 57.5532 29 31 234.0120 52.1676
-4.2435318232e-01 2.7902823687e-01 -5.6245317459e+00
109 84 54
3 0 41 -120.0672 47.2631 1 42 -117.6679 54.6885 2 30 -114.6487 60.4288
6.3996809721e-01 2.2881621122e-01 -5.5930013657e+00
99 76 46
4 0 43 178.6568 37.0729 1 44 176.4130 40.8269 2 32 175.7950 43.5170 3 24 176.1594 44.8388
4.6858870983e-01 1.9954697788e-01 -5.7508935928e+00
125 97 56
6 0 45 126.4355 32.5723 1 46 126.4955 30.9788 2 33 126.5955 28.6801 3 25 126.6623 26.2421 28 30 126.2991 33.8976 29 34 126.2350 33.3232
6.8584865332e-01 1.8490074575e-01 -5.7142195702e+00
131 106 65
5 0 46 185.7965 28.5609 1 47 185.7452 27.0640 2 34 185.8683 25.3299 3 26 186.0213 23.3797 29 35 185.7287 28.9969
-6.3489121199e-01 2.1250948310e-01 -5.5592403412e+00
135 115 76
8 0 47 -178.2282 26.1478 1 48 -177.4344 36.6720 2 35 -176.4849 46.7608 25 13 -177.6861 -16.8834 26 15 -178.3167 -6.4307 27 18 -178.7884 4.6623 28 31 -178.7055 15.4687 29 36 -178.7042 23.0763
-5.3036272526e-01 2.1240884066e-01 -5.5415544510e+00
119 95 59
10 0 48 -149.9108 26.2965 1 49 -149.2506 37.0492 2 36 -148.2434 47.2829 3 27 -146.9738 56.4938 23 7 -146.8144 -37.3467 25 14 -149.0924 -17.6516 26 16 -149.8923 -6.9722 27 19 -150.1848 4.1165 28 32 -150.1927 15.3551 29 37 -150.0493 22.5135
5.9929317236e-01 1.7772336304e-01 -5.7267427444e+00
119 92 54
6 0 49 162.1992 26.5602 1 50 162.2038 25.0943 2 37 162.2659 23.3349 3 28 162.2809 21.3299 28 33 162.1912 27.8341 29 38 162.1692 27.0957
-5.7071763277e-01 1.8972244859e-01 -5.5386910439e+00
141 119 80
5 0 50 -161.3238 19.4806 1 51 -159.8666 30.8081 26 17 -160.4126 -13.3167 27 20 -161.1353 -2.8655 29 39 -161.0443 16.0378
6.7831945419e-01 1.3964971900e-01 -5.7070980072e+00
129 104 66
6 0 51 184.0690 16.0383 1 52 184.0769 15.1175 2 38 184.0996 13.6804 3 29 183.8246 12.1874 28 34 183.9308 17.4753 29 40 184.4208 16.0018
6.9630610943e-01 1.3472869992e-01 -5.7033491135e+00
142 117 77
6 0 52 189.1144 14.6227 1 53 188.8815 13.5809 2 39 189.3984 12.4897 3 30 189.2076 11.0255 28 35 188.3745 15.8067 29 41 189.0238 15.0708
3.9486157894e-01 1.2551683187e-01 -5.7422304153e+00
132 103 63
6 0 55 107.3174 12.0464 1 57 106.1405 10.8056 2 43 106.4862 9.6965 3 33 106.9856 8.5921 28 38 107.0498 13.2363 29 44 107.0376 12.8319
3.8576868176e-01 1.0874865949e-01 -5.7458510399e+00
134 105 65
4 0 56 104.4805 7.5340 1 58 104.2494 6.3880 27 23 104.5800 10.2608 29 45 103.9138 8.3283
4.7475373745e-01 1.1843732744e-01 -5.7257232666e+00
131 103 62
5 0 57 128.6104 9.5962 1 59 128.6980 8.9465 3 34 128.9168 7.6542 26 18 128.8484 13.2590 27 24 128.4821 11.7059
-4.7441667318e-01 8.4433302283e-02 -5.7234935760e+00
125 92 56
5 0 59 -128.8186 -2.7247 1 61 -129.2838 0.1107 2 45 -129.8650 3.5326 3 35 -130.0773 7.4505 28 39 -128.3654 -6.3935
5.2039843798e-01 7.7583551407e-02 -5.7147374153e+00
137 110 70
5 0 60 141.4227 -1.1396 1 62 141.1809 -2.0310 2 46 141.2338 -2.5894 27 25 141.4863 1.0374 29 46 141.4287 -0.7106
6.6696816683e-01 7.8423410654e-02 -5.6870331764e+00
129 104 64
7 0 61 181.7078 -1.6679 1 63 181.6690 -1.7058 2 47 181.4656 -1.6579 26 19 181.8147 1.6742 27 26 181.7752 0.4534 28 40 181.7170 -0.7540 29 47 181.6750 -0.7489
-6.0815018415e-01 7.5356669724e-02 -5.6576271057e+00
126 97 61
7 0 62 -166.8662 -8.1546 1 64 -167.3288 -1.7882 2 48 -167.3892 4.4273 3 36 -167.6611 11.4845 27 27 -165.5500 -19.9392 28 41 -166.1781 -14.3810 29 48 -166.7509 -10.3902
2.9673770070e-01 5.2021235228e-02 -5.7425851822e+00
100 78 44
6 0 63 80.5432 -8.1289 1 65 80.6569 -8.8208 2 49 79.9578 -9.6373 27 28 79.9893 -5.5596 28 42 80.4920 -6.7362 29 49 80.5278 -7.7296
7.8691631556e-01 5.1518231630e-02 -5.6994342804e+00
151 122 76
7 0 65 213.4959 -7.4437 1 67 213.4987 -9.0445 2 51 213.5007 -10.2295 3 38 213.8883 -11.2150 27 30 213.4819 -3.5977 28 44 213.4299 -5.7419 29 51 213.2799 -6.8749
8.7040513754e-01 4.5580893755e-02 -5.7200546265e+00
5 0 0
8 0 66 235.1182 -8.4141 1 68 234.9625 -10.7914 2 52 235.1086 -13.1513 25 16 235.0532 5.0238 26 21 235.0435 1.3824 27 31 235.0738 -2.1664 28 45 234.9182 -4.7932 29 52 234.9686 -6.6777
-1.7755441368e-01 4.2079067789e-03 -5.8215389252e+00
123 92 51
5 0 68 -47.4462 -20.3797 1 70 -47.9497 -21.8353 27 32 -45.9086 -15.1842 28 47 -46.8199 -18.0005 29 55 -46.9007 -19.4656
4.6565881371e-01 1.0069331154e-02 -5.7107706070e+00
132 103 64
8 0 69 126.8758 -19.3211 1 71 126.5916 -20.4555 2 54 126.2874 -20.6613 25 17 127.3556 -12.7317 26 22 127.3635 -14.8535 27 33 127.1557 -16.9727 28 48 127.0063 -18.4013 29 56 126.6471 -19.5503
-3.7317875028e-01 1.7032214673e-03 -5.8463182449e+00
127 93 50
7 0 71 -99.0068 -20.9095 1 73 -99.8521 -22.5753 2 55 -100.7522 -23.5224 26 24 -96.7654 -12.5991 27 35 -97.3627 -15.8417 28 50 -98.2137 -18.5971 29 58 -98.7328 -20.1142
3.9879706502e-01 -1.7945716158e-02 -5.7169594765e+00
130 100 60
9 0 72 107.8352 -27.2629 1 74 107.9320 -27.9353 2 56 107.7925 -27.9269 3 40 107.1482 -27.3095 25 19 110.3103 -18.9711 26 25 110.5521 -21.5526 27 36 109.0443 -24.2251 28 51 108.6929 -26.0800 29 59 108.6148 -26.9176
6.0084301233e-01 -9.2626111582e-03 -5.6967439651e+00
137 111 71
4 0 73 163.5160 -24.8559 1 75 163.5408 -25.7551 2 57 163.5332 -25.6703 29 60 163.5616 -24.2754
6.7953491211e-01 -9.2524074716e-05 -5.6587462425e+00
143 115 74
2 0 74 186.0119 -23.3172 1 76 185.8837 -23.0670
-4.8690718412e-01 -1.3304582797e-02 -5.7416172028e+00
127 96 60
6 0 75 -131.2366 -29.0445 1 77 -132.3786 -26.4444 2 58 -133.2583 -23.1293 27 37 -129.1455 -31.6621 28 52 -130.1695 -30.5801 29 61 -130.9147 -29.4911
-2.1102373302e-01 -4.1410181671e-02 -5.8144292831e+00
119 88 46
9 0 76 -56.0388 -32.7129 1 78 -57.0210 -34.1173 2 59 -58.0015 -34.8223 3 41 -58.9850 -34.7047 25 20 -52.7731 -20.2384 26 26 -53.5395 -24.2113 27 38 -54.2691 -27.6884 28 53 -55.1295 -30.4433 29 62 -55.7076 -31.9829
3.7783160806e-01 -2.6537487283e-02 -5.7193965912e+00
135 104 64
8 0 77 102.9198 -29.5469 1 79 102.6230 -30.2650 2 60 102.3783 -30.3561 3 42 101.9876 -29.4879 26 27 103.7569 -23.7609 27 39 103.5019 -26.4285 28 54 103.1677 -28.3329 29 63 102.9742 -29.2411
-3.7568119168e-01 -6.8080998957e-02 -5.8240599632e+00
133 97 59
6 0 78 -99.5757 -40.3046 1 80 -100.5670 -41.1244 2 61 -102.4067 -41.7102 3 43 -104.0497 -40.3474 28 55 -98.3444 -37.7586 29 64 -99.0368 -39.2539
-9.7106762230e-02 -6.1336584389e-02 -5.7935366631e+00
159 121 67
4 0 80 -25.4996 -38.2564 1 82 -26.0987 -39.6767 28 57 -25.0481 -36.1849 29 66 -25.3278 -37.4867
2.4373474717e-01 -5.5671826005e-02 -5.7597699165e+00
110 83 50
4 0 81 66.2589 -36.6775 1 84 65.6113 -38.1757 28 58 66.6793 -34.1331 29 67 66.4390 -35.8096
6.0151106119e-01 -5.5471189320e-02 -5.6759266853e+00
136 109 70
3 0 82 164.3622 -38.0697 1 85 164.1798 -38.1943 2 64 164.2031 -37.5947
6.5520286560e-01 -5.6709386408e-02 -5.6735348701e+00
146 118 80
4 0 83 178.8255 -38.1106 1 86 179.2419 -38.5954 28 59 178.8230 -36.9699 29 68 178.9773 -37.9493
2.8799173236e-01 -9.0716809034e-02 -5.7337183952e+00
83 63 36
3 0 86 78.4832 -46.7801 1 89 78.6805 -47.8016 29 70 78.4695 -46.1494
8.2989257574e-01 -8.0419860780e-02 -5.7104449272e+00
4 1 0
3 0 88 224.9323 -42.4743 27 41 223.8443 -34.8348 28 62 224.5933 -38.5968
4.6951258183e-01 -9.7029730678e-02 -5.6919631958e+00
125 95 57
6 0 91 128.4562 -49.7270 1 92 128.0216 -49.2286 2 68 127.5546 -49.0739 3 49 127.1395 -47.0661 28 65 128.7159 -47.7355 29 73 128.5489 -48.8594
-4.1094830632e-01 -1.3120181859e-01 -5.7128539085e+00
147 121 87
2 0 92 -110.6038 -61.3732 1 93 -112.5537 -58.5582
-4.1146317124e-01 -1.4802743495e-01 -5.7128772736e+00
144 117 82
3 0 94 -110.5899 -66.3307 1 95 -112.8900 -63.0270 29 74 -109.7453 -65.9053
4.2731004953e-01 -1.6164954007e-01 -5.6881561279e+00
140 110 70
7 0 95 117.1540 -67.0282 1 96 116.7566 -67.3448 2 69 116.1608 -66.1782 26 31 118.3570 -58.1523 27 43 117.9932 -62.3980 28 66 117.6654 -65.3183 29 75 117.3064 -66.5655
5.0523251295e-01 -1.8889364600e-01 -5.6852149963e+00
86 67 40
3 27 45 139.3647 -68.3546 28 68 138.6101 -71.7535 29 78 138.1140 -73.4337
5.6150364876e-01 -1.8218475580e-01 -5.6780700684e+00
173 145 100
5 0 98 153.6393 -72.6112 1 99 153.1272 -72.5224 2 72 152.7939 -71.6889 3 51 152.9948 -70.1562 29 79 153.4599 -71.7009
-5.4806113243e-01 -1.7460182309e-01 -5.5998463631e+00
145 115 75
10 0 99 -150.1440 -78.3882 1 100 -152.7802 -71.0929 2 73 -155.1643 -62.0836 3 52 -157.4645 -51.6106 24 14 -135.9373 -88.5268 25 26 -138.7359 -89.8360 26 33 -141.6674 -89.5179 27 46 -144.2375 -87.7277 28 69 -147.1696 -83.7317 29 80 -149.0970 -80.3264
-4.6497806907e-01 -1.9775792956e-01 -5.6495151520e+00
141 109 70
4 0 100 -126.0823 -82.0660 1 101 -128.5768 -77.2563 2 74 -130.9014 -70.4437 29 81 -125.2379 -83.2951
2.1411241591e-01 -2.0722047985e-01 -5.8003058434e+00
3 0 0
10 0 102 61.2928 -75.8241 1 103 59.5996 -79.0148 2 75 57.1193 -80.4045 3 53 54.4161 -80.4748 24 16 57.0467 -37.9107 25 27 58.7559 -47.6511 26 34 59.7564 -57.3763 27 47 61.7097 -64.8129 28 70 62.1566 -71.0258 29 83 61.7319 -74.2770
4.1057685018e-01 -2.4156659842e-01 -5.6842265129e+00
135 103 65
6 0 103 112.6997 -88.6937 1 104 111.8145 -89.2579 2 76 111.1605 -87.8676 3 54 110.7442 -84.9736 28 71 113.4116 -86.3751 29 84 112.9674 -87.9625
-5.7299411297e-01 -2.7625608444e-01 -5.7454786301e+00
131 99 61
5 1 108 -155.3918 -97.1497 2 81 -158.4942 -93.9998 3 57 -161.6671 -88.6471 27 50 -145.7213 -96.2979 28 74 -148.9526 -97.6734
-4.1492801905e-01 -2.7992174029e-01 -5.7261791229e+00
157 125 86
6 0 107 -110.4761 -100.3619 1 109 -113.3811 -98.9642 2 82 -116.0593 -95.3451 27 51 -104.5983 -97.2099 28 75 -107.5075 -99.6334 29 87 -109.1791 -100.1138
1.9295985997e-01 -2.8515088558e-01 -5.7740602493e+00
56 40 22
5 0 108 53.1923 -97.2593 1 110 51.7225 -100.2784 2 83 50.3557 -101.2668 3 58 48.6875 -100.2356 29 88 53.3357 -95.2421
2.7365472913e-01 -2.9032227397e-01 -5.7048792839e+00
98 75 43
3 0 109 75.3218 -101.2722 1 111 74.5681 -102.3838 29 89 75.3183 -100.6176
-5.1935297251e-01 -3.0601865053e-01 -5.7366647720e+00
122 89 53
2 0 110 -137.6748 -107.0436 1 112 -141.3529 -105.6038
-4.6975374222e-01 -2.9596683383e-01 -5.7283315659e+00
125 94 58
7 0 111 -124.8272 -104.7613 1 113 -127.9682 -102.9724 2 84 -131.1123 -99.4857 3 59 -134.3458 -93.8245 27 52 -118.5327 -101.3970 28 76 -121.7948 -103.7577 29 90 -123.7660 -104.5971
3.3516770601e-01 -3.0274504423e-01 -5.6921973228e+00
109 83 52
12 0 112 92.2619 -105.4744 1 114 91.1301 -105.9238 2 85 89.9759 -104.8026 3 60 88.9307 -100.8947 22 11 98.1777 -50.7689 23 15 97.6355 -62.4407 24 17 97.0546 -72.8314 25 31 96.2648 -82.2127 26 36 95.3997 -90.1600 27 53 94.4289 -97.2729 28 77 93.3829 -102.2994 29 91 92.6566 -104.8222
-5.3867012262e-01 -3.3987870812e-01 -5.7310571671e+00
121 89 52
8 0 114 -142.7723 -116.2577 1 116 -146.4516 -114.7965 2 87 -150.3980 -110.9084 3 62 -153.9688 -105.1529 26 37 -131.9533 -107.2300 27 54 -135.4413 -112.2010 28 79 -139.0699 -115.1507 29 93 -141.5793 -116.0583
-3.1515094638e-01 -3.4467098117e-01 -5.7631511688e+00
122 92 54
10 0 116 -82.6391 -115.1840 1 118 -85.7283 -115.9580 2 89 -88.8108 -114.4798 3 64 -91.9052 -110.7314 24 19 -69.3834 -81.6083 25 33 -71.5862 -91.7533 26 39 -74.0600 -100.3187 27 56 -76.7569 -107.2272 28 81 -79.6424 -112.2068 29 95 -81.5433 -114.3437
4.4403951615e-02 -3.4053006768e-01 -5.7335610390e+00
134 102 61
8 0 117 13.4623 -114.3661 1 119 11.5564 -115.6184 2 90 9.7024 -114.6727 3 65 7.9536 -111.4539 26 40 18.9350 -98.0139 27 57 17.2190 -105.3638 28 82 15.3106 -110.8158 29 96 14.2564 -113.3113
-4.2097041011e-01 -3.4299376607e-01 -5.7167558670e+00
161 129 90
10 0 119 -111.7621 -117.4131 1 121 -115.1882 -116.0104 2 91 -118.5082 -112.4173 3 67 -121.6044 -106.4469 24 20 -96.3756 -92.4042 25 35 -98.8622 -101.0797 26 42 -101.9299 -108.2136 27 58 -104.9436 -113.3093 28 83 -108.4281 -116.3514 29 98 -110.6069 -117.1465
-3.8051119447e-01 -3.6903268099e-01 -5.7654433250e+00
145 110 68
8 0 120 -99.8534 -121.6408 1 122 -103.1636 -122.4193 24 21 -85.0467 -86.6716 25 36 -87.6275 -97.3065 26 43 -90.2946 -106.2701 27 59 -93.3214 -113.4395 28 84 -96.6207 -118.5689 29 99 -98.6625 -120.7499
-9.5476962626e-02 -3.5729220510e-01 -5.7320938110e+00
90 64 38
7 0 121 -24.0200 -119.3730 1 123 -26.5693 -120.0960 2 92 -29.0763 -118.5160 3 68 -31.7919 -114.5580 27 60 -18.8884 -111.2243 28 85 -21.5290 -116.2621 29 100 -23.0787 -118.4459
-5.6899362803e-01 -3.8897266984e-01 -5.7207341194e+00
143 108 66
10 0 123 -150.8843 -129.7779 1 125 -154.7625 -128.1502 2 94 -158.6591 -123.8742 3 70 -162.7470 -117.5612 24 22 -132.2310 -102.5881 25 37 -135.3098 -111.8492 26 44 -139.0714 -119.7136 27 62 -142.5311 -125.1554 28 87 -146.6114 -128.7232 29 102 -149.3565 -129.5830
-6.4577108622e-01 -4.0417930484e-01 -5.7229070663e+00
78 55 31
6 0 125 -170.7672 -134.0312 1 127 -175.4852 -132.3049 2 95 -180.6788 -127.4465 27 64 -161.7693 -129.4214 28 88 -166.3846 -132.4809 29 103 -169.3264 -133.3513
-1.8026937544e-01 -4.1036164761e-01 -5.7881455421e+00
144 111 71
3 0 126 -45.9583 -130.6771 1 128 -48.9579 -133.4799 2 96 -52.2579 -133.5418
2.7659925818e-01 -4.2568108439e-01 -5.7122831345e+00
96 74 45
6 0 127 76.3310 -137.0658 1 129 75.1555 -139.4499 2 97 73.4954 -138.4957 3 72 71.7500 -135.0318 28 89 77.8904 -131.7405 29 104 76.7559 -135.2453
-3.4395751357e-01 -4.8638167977e-01 -5.8006443977e+00
4 0 0
5 1 130 -93.8510 -152.4548 26 46 -79.0693 -125.0026 27 65 -80.9261 -136.7435 28 90 -82.7373 -145.2119 29 105 -85.9357 -149.0075
-6.5305304527e-01 5.4955661297e-01 -5.6546702385e+00
109 90 54
4 0 135 -182.5113 121.1984 1 137 -178.7876 127.5706 28 92 -186.1128 112.6424 29 110 -183.6276 119.1397
8.7235623598e-01 4.9740856886e-01 -5.6542944908e+00
157 133 82
7 0 136 236.9048 113.4996 1 138 236.3247 112.6944 2 100 236.1181 110.3879 3 74 236.9581 106.8637 23 18 241.4324 77.7077 24 23 241.0187 87.7945 27 67 237.6992 106.0576
6.3260394335e-01 4.8537835479e-01 -5.5754108429e+00
94 81 59
2 0 138 175.1304 108.2889 1 140 175.1723 111.8409
6.3188278675e-01 4.6451804042e-01 -5.5149636269e+00
100 87 58
2 0 139 177.3370 101.6254 1 141 176.6445 107.5303
6.0079395771e-01 4.4359481335e-01 -5.5067143440e+00
99 82 54
6 0 142 168.4257 95.4899 1 144 168.6204 102.0165 2 104 168.6236 106.4347 3 78 168.8579 109.5666 28 95 168.2617 87.2753 29 114 168.3829 92.9579
8.9829987288e-01 4.1635525227e-01 -5.6390042305e+00
118 95 63
6 0 143 245.7183 90.9128 1 145 245.4462 91.2689 2 105 245.1772 89.3094 26 48 246.9094 81.4940 27 69 246.5198 85.9444 28 96 246.1760 89.2668
-6.2508434057e-01 4.3142768741e-01 -5.6092557907e+00
116 96 61
5 0 144 -175.5651 88.2558 1 146 -172.7930 96.4994 27 70 -179.8071 66.9950 28 97 -178.1833 78.5390 29 115 -176.4079 85.0730
-5.8073633909e-01 3.8991683722e-01 -5.6040506363e+00
116 96 63
10 2 109 -158.5959 92.1577 19 2 -165.3193 -44.4868 20 5 -166.9571 -33.4149 21 9 -168.3065 -21.0542 22 16 -169.1263 -8.4132 23 20 -169.6875 5.0888 24 25 -169.6770 18.4539 26 50 -168.2682 43.9299 27 72 -167.0117 56.3597 28 100 -165.3824 67.6465
1.4893765748e-01 3.8770791888e-01 -5.5521225929e+00
106 87 56
3 0 147 40.5630 78.8577 1 149 41.1224 85.9246 29 118 40.1769 76.2415
2.5079590082e-01 3.9668434858e-01 -5.4861898422e+00
114 97 64
6 0 148 70.0780 80.6307 1 150 70.8602 89.3027 2 110 71.1544 97.3584 3 82 72.2037 103.2079 28 101 68.9846 70.3541 29 119 69.7326 77.2947
5.5583673716e-01 3.8809481263e-01 -5.5108175278e+00
130 111 73
4 0 149 155.7227 79.7647 1 151 156.1812 86.3153 28 102 155.4003 71.6130 29 120 155.5645 77.2386
5.9405642748e-01 3.7623134255e-01 -5.4888334274e+00
112 91 60
12 0 150 167.2329 76.0535 1 152 167.4015 83.5899 2 111 167.6506 89.5615 3 83 167.9185 94.0831 22 17 166.2316 -1.2935 23 21 166.2048 10.6527 24 26 166.4120 22.6541 25 41 166.5061 34.6558 26 51 166.6522 46.3322 27 73 166.8207 57.1136 28 103 167.1005 67.2934 29 121 167.2037 73.2507
7.1564114094e-01 3.8180303574e-01 -5.4847993851e+00
170 148 97
5 0 151 201.3790 78.0752 1 153 201.3203 85.1617 2 112 201.3288 90.2699 3 84 201.2422 94.0653 27 74 201.6602 60.0811
8.3244758844e-01 3.8477090001e-01 -5.5614604950e+00
143 117 71
7 0 152 230.8181 80.5970 1 154 231.0115 84.1546 2 113 230.9388 86.4690 3 85 230.4942 86.1706 27 75 231.3367 69.4143 28 104 230.8483 75.8017 29 122 230.8842 79.1446
3.0552792549e-01 3.5931935906e-01 -5.4452457428e+00
152 134 93
2 0 155 86.2426 69.4174 1 157 86.7629 79.9104
3.7843170762e-01 3.5875409842e-01 -5.4403657913e+00
154 131 87
6 0 156 107.0290 69.3211 1 158 107.5885 79.8342 2 115 108.4144 88.6048 3 87 109.0206 96.1358 28 107 106.3262 57.8935 29 125 107.0634 65.6270
5.0286835432e-01 3.7118083239e-01 -5.4794445038e+00
110 89 55
9 0 157 141.5362 74.2149 1 159 141.9095 82.3407 2 116 142.4680 89.0642 3 88 142.9710 94.2882 25 43 140.8782 30.3013 26 54 140.7907 42.6030 27 78 140.9720 54.0946 28 108 141.2574 64.7047 29 126 141.5198 71.0741
6.4252632856e-01 3.7576282024e-01 -5.4527745247e+00
155 138 96
9 0 158 182.4749 75.0786 1 160 181.5495 84.3772 3 89 181.6510 96.7911 23 24 181.1489 3.7580 24 28 181.4983 16.8436 25 44 181.6916 29.9156 26 55 181.8472 42.5178 27 79 182.5243 54.1676 28 109 182.5624 65.1640
-6.4731967449e-01 3.3902493119e-01 -5.5954151154e+00
118 98 63
12 0 159 -181.5106 62.2438 1 161 -179.6259 71.3587 2 117 -177.4300 79.1528 3 90 -175.1567 85.2949 22 19 -184.2791 -19.8665 23 25 -185.2322 -7.3994 24 29 -185.6621 5.0997 25 45 -185.4948 17.2931 26 56 -185.0894 29.2621 27 80 -184.3086 41.2748 28 110 -183.1309 52.2924 29 127 -182.1528 59.1205
-5.7786452770e-01 3.3951905370e-01 -5.5907163620e+00
127 109 75
2 0 160 -162.5400 62.5946 1 162 -160.6320 71.6366
2.5247144699e-01 3.3534744382e-01 -5.4690804482e+00
154 132 89
3 0 161 70.7437 63.0207 1 163 71.4685 72.3627 2 118 72.0862 81.4918
4.2721316218e-01 3.5026773810e-01 -5.4856886864e+00
127 102 65
6 0 162 120.4284 67.7960 1 164 120.6024 75.9043 2 119 120.8080 82.7499 3 91 120.8547 89.6280 28 111 120.1805 59.3528 29 128 120.4325 64.9321
5.4147648811e-01 3.4446039796e-01 -5.5022654533e+00
120 99 66
12 0 163 151.9760 67.1438 1 165 152.2169 74.2881 2 120 152.5240 80.2596 3 92 152.7721 84.7012 22 20 151.3130 -4.8243 23 26 151.2530 6.4008 24 30 151.3560 17.6358 25 46 151.4128 28.7758 26 57 151.4920 39.5255 27 81 151.6233 49.6317 28 112 151.7932 58.9774 29 129 151.9068 64.4745
2.6737865806e-01 3.1011220813e-01 -5.4620480537e+00
148 124 82
4 0 166 75.2162 55.6090 1 166 75.7029 65.6472 2 122 76.2849 74.6288 29 131 75.1107 51.8135
4.7211492062e-01 3.1655758619e-01 -5.4795851707e+00
112 94 61
6 0 167 133.1460 58.5218 1 167 133.3008 66.9594 2 123 133.6552 74.2413 3 94 133.9678 80.2061 28 114 132.9358 49.1913 29 132 133.1024 55.4872
6.4260357618e-01 3.1634828448e-01 -5.4461350441e+00
164 143 95
5 0 169 182.1873 58.8791 1 168 182.0824 67.5666 2 124 182.1615 74.9960 3 95 182.3702 81.1379 28 116 183.3091 47.7000
-6.4495325089e-01 2.9588311911e-01 -5.5877876282e+00
128 107 69
12 0 171 -180.9378 50.1339 1 170 -179.3678 59.8028 2 125 -177.3066 68.2299 3 97 -175.4964 75.2598 22 21 -181.2516 -26.4535 23 29 -182.2364 -16.1422 24 34 -182.8721 -5.1426 25 48 -183.3953 5.9270 26 59 -183.2582 17.5637 27 84 -182.8876 28.8841 28 117 -181.6866 39.6903 29 134 -181.2968 46.7432
-4.4984138012e-01 3.0606698990e-01 -5.5693902969e+00
121 101 71
12 0 172 -127.7649 53.5928 1 171 -126.1208 62.9635 2 126 -124.4988 70.9442 3 98 -122.5533 77.6424 22 22 -127.8250 -24.2082 23 30 -128.8521 -13.2125 24 35 -129.7371 -2.0072 25 49 -130.0595 9.5583 26 60 -129.8869 21.4039 27 85 -129.5704 32.6661 28 118 -128.7718 43.6229 29 135 -127.9860 50.3400
-3.9742076397e-01 3.0097499490e-01 -5.5922083855e+00
129 104 65
6 0 173 -112.2495 52.8736 1 172 -110.9396 60.9402 2 127 -109.5075 68.1616 3 99 -107.8670 74.1440 28 119 -113.2610 44.1005 29 136 -112.5543 49.9424
2.2087234259e-01 2.6812297106e-01 -5.8141880035e+00
146 115 68
2 0 174 57.7877 51.5879 1 173 59.8412 48.7731
3.2588341832e-01 3.0692216754e-01 -5.4464769363e+00
157 136 94
5 0 175 92.0166 54.5357 1 174 92.6882 64.6741 2 128 93.1740 74.2502 3 100 93.7550 82.4271 29 137 92.0957 50.8046
5.5610865355e-01 2.9541257024e-01 -5.4990496635e+00
138 114 76
5 0 177 156.3737 53.6119 1 176 156.6599 60.5234 27 86 156.9688 36.4774 28 121 155.4865 45.1290 29 139 156.0042 50.3093
-5.3163433075e-01 2.6790297031e-01 -5.5581951141e+00
133 112 76
12 0 178 -150.2412 42.2914 1 177 -149.0108 52.2424 2 130 -147.4720 61.3364 3 102 -145.8261 69.4568 22 23 -148.6787 -34.6340 23 31 -150.0789 -24.5033 24 36 -150.9616 -13.7242 25 50 -151.3090 -2.5384 26 61 -151.5221 8.8179 27 87 -151.3454 20.3353 28 122 -151.3384 32.0322 29 140 -150.2652 38.6061
8.2955110073e-01 2.4192145467e-01 -5.7260546684e+00
137 114 75
2 0 180 223.6016 44.7619 1 179 224.0294 42.2847
-3.9949285984e-01 2.4342758954e-01 -5.6901741028e+00
202 179 146
5 0 181 -110.2095 39.2915 1 180 -108.6129 43.8033 2 131 -106.6624 47.4310 28 123 -111.9094 34.4207 29 142 -110.7903 37.8456
1.6875731945e-01 2.1860821545e-01 -5.8784499168e+00
117 99 69
3 0 182 44.1022 39.6120 1 181 44.9803 34.8532 29 143 43.8962 41.4176
2.6385822892e-01 2.1219825745e-01 -5.8568148613e+00
80 62 38
2 0 184 69.6323 37.8202 1 183 70.1306 33.3166
-5.0570398569e-01 2.2865460813e-01 -5.5458312035e+00
133 111 76
6 0 185 -142.7622 31.0782 1 184 -142.3420 41.6693 2 133 -141.2818 51.3324 3 104 -139.9741 60.2163 28 124 -143.0378 20.3360 29 145 -142.6309 27.2630
6.2011575699e-01 1.9067397714e-01 -5.7198948860e+00
131 103 62
6 0 186 167.9695 29.6301 1 185 167.9955 28.7882 2 134 168.0889 26.8992 3 105 168.1510 25.1353 28 125 167.8632 31.2458 29 146 167.9205 30.3950
-4.1855561733e-01 1.7959465086e-01 -5.7581710815e+00
201 173 132
3 0 189 -113.8991 23.7977 1 188 -113.4756 25.6837 29 149 -113.9776 22.9628
4.5517387986e-01 1.7869821191e-01 -5.7489275932e+00
133 105 63
6 0 191 122.9727 26.9674 1 190 122.8939 25.1125 2 138 123.0978 23.1425 3 109 123.0907 21.3403 28 127 122.6744 28.2448 29 150 122.6606 27.5418
4.8331865668e-01 1.7828871310e-01 -5.7390098572e+00
140 112 68
4 0 192 130.6889 26.7003 1 191 130.8369 25.1365 2 139 130.7693 23.4897 3 110 130.7339 21.6478
5.5909508467e-01 1.6795127094e-01 -5.7244858742e+00
152 122 75
5 0 193 151.3062 23.7296 1 192 151.2558 22.5360 2 140 151.4660 21.1694 3 111 151.7541 19.2595 29 151 151.5941 24.0924
6.1796867847e-01 1.6449357569e-01 -5.7207379341e+00
135 107 65
5 0 194 167.3339 22.9142 1 193 167.4880 21.5323 2 141 167.4516 20.0670 3 112 167.4978 18.1427 29 152 167.3567 23.3833
7.1102762222e-01 1.7168988287e-01 -5.6963496208e+00
166 137 91
6 0 195 192.9047 24.4021 1 194 193.3047 23.7817 2 142 193.7995 22.7499 3 113 193.8958 20.9194 28 128 192.7841 25.2457 29 153 193.0280 24.8993
7.7760469913e-01 1.5638999641e-01 -5.7247467041e+00
149 119 74
6 0 196 210.1052 21.1549 1 195 210.0285 19.2778 2 143 210.0468 16.7842 3 114 209.8619 14.3537 28 129 210.3383 23.9007 29 154 210.2320 22.0288
-6.5587168932e-01 1.6844937205e-01 -5.5696539879e+00
116 94 64
12 0 197 -183.2694 14.3096 1 196 -182.9657 24.6024 2 144 -182.2456 34.6297 3 115 -181.3222 44.0062 22 24 -177.1498 -48.2413 23 34 -178.6152 -41.1631 24 37 -180.0137 -33.2198 25 51 -181.2319 -25.0620 26 62 -182.4415 -16.1516 27 90 -183.1607 -6.3726 28 130 -183.5128 3.7480 29 155 -183.3489 10.6714
-5.0096225739e-01 1.7973707616e-01 -5.5401554108e+00
124 103 74
7 0 198 -141.4542 17.2518 1 197 -141.0463 27.8402 2 145 -140.4558 38.1100 26 63 -140.9390 -14.6470 27 91 -141.3245 -4.1012 28 131 -141.3727 6.6534 29 156 -141.4754 13.6695
-5.1892036200e-01 1.7379683256e-01 -5.5390872955e+00
